,STUDENTID,COURSEID,GRADE,TERM,AN201,AS171,AS177,AS178,AT207,AT316,AT326,AT336,AT346,AT366,BA291,CF366,CF367,CJ315,CJ316,CJ317,CJ321,CN342,CS101,CS102,CS105,CS111,CS115,CS211,CS213,CS214,CS215,CS222,CS223,CS231,CS251,CS261,CS275,CS281,CS284,CS285,CS286,CS288,CS289,CS295,CS296,CS297,CS300,CS301,CS302,CS311,CS314,CS326,CS328,CS341,CS342,CS348,CS356,CS359,CS365,CS366,CS367,CS374,CS377,CS385,CS386,CS387,CS388,CS395,CS396,CS397,CS398,CS399,CS401,CS402,CS407,CS408,CS409,CS426,CS427,CS429,CS446,CS447,CS449,CS456,CS457,CS459,CS467,CS469,CS479,CS486,CS487,CS488,CS489,CS496,CS499,DM201,DM207,DM215,EC210,EG241,EL070,EL171,EL172,EL202,EL231,EL295,EL395,ES256,ES356,ES456,FD211,FN211,GE225,GE311,HO201,HR201,HS266,HS269,HS356,HS360,IS201,JC200,JC201,JC260,JC281,JP171,JP172,LA209,MA211,MA212,MA216,MA217,MA221,MA332,MU100,MU130,MU135,MU202,MU275,MU277,MU278,MW313,MW314,MW318,NS112,NS132,PC286,PE240,PE245,PM215,PM235,PM236,PY211,PY217,PY218,PY226,PY228,PY237,PY267,RE333,RT326,SC123,SC135,SC173,SC185,SN212,SO201,ST216,ST218,SW111,SW212,SW213,SW214,SW221,SW222,SW223,SW224,SW335,SW365,SW366,SW467,SW475,SW478,SW486,SW489,TA395,TD436,TH161,TU100,TU110,TU111,TU115,TU116,TU120,TU122,TU130,TU153,TU154,TU156
8139,351672,CS489,7,25551,0,0,0,0,0,0,7,0,0,0,0,0,0,0,0,0,0,0,6,6,0,6,0,0,5,8,0,6,7,0,7,6,0,6,6,0,0,0,0,0,0,0,0,0,0,0,0,0,0,0,0,0,0,0,0,0,0,0,0,0,0,0,0,0,0,0,0,0,0,0,0,0,0,0,0,0,0,0,0,0,0,0,0,0,0,0,0,0,0,0,0,0,0,0,0,0,2,7,7,0,0,6,0,0,0,0,0,0,0,0,0,0,0,0,0,0,0,0,0,0,0,0,0,0,3,0,0,0,0,6,0,0,0,0,0,0,0,0,0,0,0,7,0,0,0,0,0,0,0,0,0,0,6,0,0,0,0,0,6,0,7,0,0,6,0,0,0,0,0,0,0,0,0,0,0,0,0,0,0,0,0,0,0,7,0,6,0,0,0,7,6,7,0,6,0
6766,336785,CS489,7,25551,0,0,0,0,0,0,0,0,0,0,0,0,0,0,0,0,0,0,6,5,0,5,0,0,6,7,0,6,6,0,6,6,0,5,6,0,6,6,7,0,0,0,0,7,0,6,5,0,0,6,6,0,0,0,0,0,0,7,0,6,0,0,0,0,0,0,0,0,0,0,0,0,0,0,0,0,0,0,0,0,0,0,0,0,0,0,7,0,0,0,0,0,0,0,0,0,0,0,7,0,0,6,8,0,0,0,0,0,0,0,8,0,0,0,0,0,0,0,0,0,0,0,0,0,6,6,0,0,0,6,0,0,0,0,0,0,0,7,0,0,0,0,0,0,0,0,0,0,0,0,0,0,6,0,0,0,0,0,6,0,6,0,0,6,0,0,7,0,0,8,0,0,0,8,0,0,0,8,0,0,0,0,0,7,0,5,0,0,0,5,0,6,0,5,0
1215,329188,CS489,6,25551,0,0,0,0,0,0,8,0,0,0,0,0,0,0,0,0,0,0,6,6,0,7,0,0,5,8,0,6,6,0,6,6,0,6,6,0,0,5,6,0,0,0,0,7,0,6,3,0,0,6,6,0,0,0,0,0,0,6,0,6,0,0,0,0,0,0,0,0,0,0,0,0,0,0,0,0,0,0,0,0,0,0,0,0,0,6,6,0,0,0,0,0,0,0,0,0,0,0,6,0,0,7,7,0,0,0,0,0,0,0,0,0,0,0,0,0,0,0,0,0,0,0,0,0,5,6,0,0,0,3,0,0,0,0,0,0,0,0,0,0,0,0,0,0,0,0,0,0,0,0,0,0,6,0,0,0,0,0,6,0,6,0,0,5,0,0,0,0,0,0,0,0,0,0,0,0,0,0,0,0,0,0,0,6,0,5,0,0,0,5,0,0,0,6,0
966,329183,CS489,7,25551,0,0,0,0,0,7,7,0,0,0,0,0,0,0,0,0,0,0,7,6,0,8,0,0,7,7,0,6,6,0,6,7,0,6,8,0,0,6,7,0,0,0,0,8,0,6,3,0,0,7,6,0,0,0,0,0,0,7,0,6,0,0,0,0,0,0,0,0,0,0,0,0,0,0,0,0,0,0,0,0,0,0,0,0,0,6,7,0,0,0,0,0,0,0,0,0,0,7,7,0,0,7,7,0,0,0,0,0,0,0,0,0,0,0,0,0,0,0,0,0,0,0,0,0,7,7,0,0,0,5,0,0,0,0,0,0,0,0,0,0,0,0,0,0,0,0,0,0,0,0,0,0,7,0,0,0,0,0,5,0,6,0,0,6,0,0,0,0,0,0,0,0,0,0,0,0,0,0,0,0,0,0,0,7,0,6,0,0,0,7,6,6,0,7,0
9448,351701,CS489,8,25561,0,0,0,0,0,0,0,0,0,0,8,0,0,0,0,0,0,0,7,7,0,7,0,0,6,8,0,8,7,0,7,8,0,8,7,3,0,8,8,0,0,0,0,7,0,7,7,0,0,6,7,0,0,0,0,0,0,8,0,6,0,0,8,0,0,0,0,0,0,0,0,0,0,0,0,0,0,0,0,0,0,0,0,0,0,0,8,0,0,0,0,0,0,0,0,0,0,7,6,0,0,6,6,0,0,0,0,0,0,0,0,0,0,0,0,0,7,0,0,0,0,0,0,0,8,7,0,0,0,6,0,0,0,0,0,0,0,0,0,0,0,0,0,0,0,0,0,0,0,0,0,0,6,0,0,0,0,0,7,0,7,0,0,7,0,0,0,0,0,0,0,0,0,0,0,0,0,0,0,0,0,0,0,8,0,8,0,0,0,7,0,7,0,7,0
16804,379818,CS489,6,25561,0,0,0,0,0,7,7,0,0,7,0,0,0,0,0,0,0,0,0,0,0,6,0,0,5,7,0,7,7,0,6,6,0,6,7,0,0,0,0,5,5,0,0,0,0,0,0,0,0,0,0,0,0,0,0,0,0,0,0,0,0,0,0,0,0,0,0,0,0,0,0,0,0,0,0,0,0,0,0,0,0,0,0,0,0,0,0,0,0,0,0,0,0,0,0,0,0,0,0,0,0,7,0,0,0,0,0,0,0,0,7,0,0,0,0,0,0,0,0,0,0,0,0,0,0,7,0,0,0,0,0,0,0,0,0,0,0,0,0,0,0,0,0,0,0,0,0,0,0,0,0,0,0,0,0,0,0,0,0,0,0,0,0,5,0,0,0,0,0,0,0,0,0,0,0,0,0,0,0,0,0,0,0,0,0,6,0,0,0,0,0,6,7,5,0
10064,351717,CS489,7,25561,0,0,0,0,0,0,0,0,0,0,0,0,0,0,0,0,0,0,6,6,0,6,0,0,6,8,0,6,6,0,6,7,0,6,6,0,0,0,0,0,0,0,0,7,0,6,5,7,0,6,6,0,0,0,6,0,8,6,7,0,0,0,0,5,0,0,0,0,0,0,0,0,0,0,0,0,0,0,0,0,0,0,0,0,0,0,0,0,0,0,0,0,0,0,0,0,0,5,5,0,0,6,0,0,6,0,0,0,0,0,0,0,0,0,0,0,0,0,0,0,0,0,0,0,6,6,0,0,0,6,0,0,0,0,0,0,0,0,0,0,0,0,0,0,0,0,0,0,0,0,0,0,6,0,0,0,0,7,0,7,0,0,0,6,0,7,0,0,0,0,0,0,0,0,0,0,0,0,0,0,0,0,0,6,0,5,0,0,0,8,7,6,0,6,0
1167,329187,CS489,7,25551,0,0,0,0,0,0,0,0,0,0,0,0,0,0,0,0,0,0,6,6,0,8,0,0,6,7,0,7,6,0,6,6,0,6,7,0,0,6,6,0,0,0,0,8,0,6,3,0,0,6,6,0,0,0,0,0,0,7,0,7,0,0,0,0,0,0,0,0,0,0,0,0,0,0,0,0,0,0,0,0,0,0,0,0,0,6,7,0,0,0,0,0,0,0,0,0,0,6,6,0,0,7,8,0,7,0,0,0,0,0,0,0,0,0,0,0,0,0,0,0,0,0,0,0,6,6,0,0,0,6,0,0,0,0,0,0,0,0,0,0,0,7,0,0,0,0,0,0,0,0,0,0,7,0,0,0,0,0,6,0,8,0,0,3,0,0,0,0,0,0,0,0,0,0,0,0,0,0,0,0,0,0,0,6,0,5,0,0,0,6,6,6,0,6,0
10737,351735,CS489,7,25561,0,0,0,0,0,0,0,0,0,0,0,0,0,0,0,0,0,0,6,6,0,7,0,0,6,8,0,6,6,0,6,7,0,6,6,0,8,7,7,0,0,0,0,6,0,5,5,0,0,6,6,0,0,0,0,0,0,7,0,7,0,0,0,0,0,0,0,0,0,0,0,0,0,0,0,0,0,0,0,0,0,0,0,0,0,0,7,0,0,0,0,0,0,0,0,0,0,5,5,0,0,6,0,0,7,0,0,0,0,0,0,0,0,0,0,0,0,0,0,0,0,0,0,0,5,3,0,0,0,5,0,0,0,0,0,0,0,0,0,0,0,0,0,0,0,0,0,0,0,0,0,0,6,0,0,0,0,0,4,0,0,0,0,5,0,0,0,0,0,0,0,0,0,0,7,0,0,0,0,0,0,7,0,7,0,6,0,0,0,7,5,6,0,6,0
22464,398014,CS489,6,25571,0,0,0,0,0,0,0,0,0,0,0,0,0,0,0,0,0,0,6,6,0,6,0,0,6,7,0,6,6,0,6,7,0,6,6,0,0,0,0,0,0,0,0,0,0,0,0,0,0,0,0,0,0,0,0,0,0,0,0,0,0,0,0,0,0,0,0,0,0,0,0,0,0,0,0,0,0,0,0,0,0,0,0,0,0,0,0,0,0,0,0,0,0,0,0,0,2,6,7,0,0,6,0,0,0,0,0,0,0,0,7,0,0,0,0,0,0,0,0,0,0,0,0,0,6,6,0,0,0,6,0,0,0,0,0,0,0,0,0,0,0,0,0,0,0,0,0,0,0,0,0,0,8,0,0,0,0,0,6,0,6,0,0,7,0,0,0,0,0,0,0,0,0,0,7,0,0,0,7,0,0,0,0,6,0,7,0,0,0,7,0,7,0,6,0
2516,329217,CS489,8,25551,0,0,0,0,0,7,8,0,0,0,0,0,0,0,0,0,0,0,6,6,0,6,0,0,6,7,0,7,6,0,6,7,0,8,8,0,0,7,8,0,0,0,0,8,0,8,6,0,0,7,7,0,0,0,0,0,0,7,0,7,0,0,0,0,0,0,0,0,0,0,0,0,0,0,0,0,0,0,0,0,0,0,0,0,0,7,8,0,0,0,0,0,0,0,0,0,0,5,6,0,0,7,7,0,0,0,0,0,0,0,0,0,0,0,0,0,0,0,0,0,0,0,0,0,5,6,0,0,0,6,0,0,0,0,0,0,0,0,0,0,0,0,0,0,0,0,0,0,0,0,0,0,6,0,0,0,0,5,0,7,0,0,0,3,0,0,0,0,0,0,0,0,0,0,0,0,0,0,0,0,0,0,0,7,0,7,0,0,0,7,8,6,0,6,0
3262,329237,CS489,5,25551,0,0,0,0,0,6,7,0,0,0,0,0,0,0,0,0,0,0,6,6,0,7,0,0,6,7,0,6,5,0,6,6,0,6,6,7,0,7,6,0,0,0,0,8,0,5,4,0,0,5,6,0,0,0,0,0,0,6,0,6,0,0,0,0,0,0,0,0,0,0,0,0,8,0,0,0,0,0,0,0,0,0,0,0,0,0,7,0,0,0,0,0,0,0,0,0,0,0,7,0,0,8,8,0,0,0,0,0,0,0,0,0,0,0,0,0,0,0,0,0,0,0,0,0,5,5,0,0,0,4,0,0,0,0,0,0,0,0,0,0,0,0,0,0,0,0,0,0,0,0,0,0,5,0,0,0,0,0,5,0,6,0,0,5,0,0,0,0,0,0,0,0,0,0,0,0,0,0,0,0,0,0,0,6,0,5,0,0,0,5,5,6,0,6,0
11480,352734,CS489,7,25561,0,0,0,0,0,0,0,0,0,0,0,0,0,0,0,0,0,0,6,6,0,6,0,0,6,8,0,6,6,0,6,7,0,6,6,0,0,6,7,0,0,0,0,6,0,6,6,0,0,6,6,0,0,0,0,0,0,7,0,6,0,0,0,0,0,0,0,0,0,0,0,0,0,0,0,0,0,0,0,0,0,0,0,0,0,6,7,0,0,0,0,0,0,0,0,0,0,6,6,0,0,6,5,0,0,0,0,0,0,0,7,0,0,0,0,0,0,0,0,0,0,0,0,0,8,6,0,0,0,6,0,0,0,0,0,0,0,0,0,0,0,0,0,0,0,0,0,0,0,0,0,0,6,0,0,0,0,0,7,0,7,0,0,6,0,0,7,0,0,0,0,0,0,0,0,0,0,0,0,0,0,0,0,6,0,6,0,0,0,8,0,8,0,5,0
12727,361062,CS489,8,25561,0,0,0,0,0,0,0,0,0,0,0,0,0,0,0,0,0,0,6,7,0,7,0,0,7,8,0,7,8,0,8,7,0,7,8,0,0,8,8,0,0,0,0,8,0,6,3,0,0,6,6,0,0,0,0,0,0,7,0,8,0,0,0,0,0,0,0,0,0,0,0,0,0,0,0,0,0,0,0,0,0,0,0,0,0,7,7,0,0,0,0,0,0,0,0,0,0,0,8,0,0,8,7,0,0,0,0,0,0,0,7,0,0,0,0,0,0,0,0,0,0,0,0,0,8,7,0,0,0,6,0,0,0,0,0,0,0,0,0,0,0,0,0,0,0,0,0,0,0,0,0,0,6,0,0,0,0,0,8,0,7,0,0,7,0,0,7,0,0,0,0,0,0,0,0,0,0,0,0,0,0,0,0,7,0,7,0,0,0,8,0,8,0,6,0
29647,444153,CS489,6,25571,0,0,0,0,0,0,0,0,0,0,0,0,0,0,0,0,0,0,0,0,0,0,0,0,0,0,0,0,0,0,0,0,0,0,0,0,0,0,0,0,0,0,0,0,0,0,0,0,0,0,0,0,0,0,0,0,0,0,0,0,0,0,0,0,0,0,0,0,0,0,0,0,0,0,0,0,0,0,0,0,0,0,0,0,0,0,0,0,0,0,0,0,0,0,0,0,0,0,0,0,0,0,0,0,0,0,0,0,0,0,0,0,0,0,0,0,0,0,0,0,0,0,0,0,0,0,0,0,0,0,0,0,0,0,0,0,0,0,0,0,0,0,0,0,0,0,0,0,0,0,0,0,0,0,0,0,0,0,0,0,0,0,0,0,0,0,0,0,0,0,0,0,0,0,0,0,0,0,0,0,0,0,0,0,0,0,0,0,0,0,0,0,0,0,0
258,321850,CS489,8,25551,0,0,0,0,0,0,8,0,0,0,0,0,0,0,0,0,0,0,7,6,0,6,0,0,6,7,0,6,6,0,7,7,0,7,7,8,0,8,7,0,0,0,0,8,0,7,7,8,0,7,7,0,0,0,0,0,0,8,0,8,0,0,8,0,0,0,0,0,0,0,0,0,0,0,0,0,0,0,0,0,0,0,0,0,0,0,7,0,0,0,0,0,0,0,0,3,0,6,6,0,0,8,8,0,0,0,0,0,0,0,0,0,0,0,0,0,0,0,0,0,0,0,0,0,6,6,0,0,0,6,0,0,0,0,0,0,0,0,0,0,0,0,0,0,0,0,0,0,0,0,0,0,6,0,0,0,0,0,7,0,6,0,0,6,0,0,0,0,0,0,0,0,0,0,0,0,0,0,0,0,0,0,0,7,0,6,0,0,0,6,7,6,0,6,0
9550,351703,CS489,6,25561,0,0,0,0,0,7,7,0,0,0,0,0,0,0,0,0,0,0,7,5,0,6,0,0,6,7,0,6,6,0,6,6,0,6,6,0,8,6,6,0,0,0,0,6,0,6,5,0,0,6,6,0,0,0,0,0,0,7,0,6,0,0,0,0,0,0,0,0,0,0,0,0,0,0,0,0,0,0,0,0,0,0,0,0,0,6,6,0,0,0,0,0,0,0,0,0,0,5,5,0,0,6,0,0,0,0,0,0,0,0,0,0,0,0,0,0,0,0,0,0,0,0,0,0,6,6,0,0,0,5,0,0,0,0,0,0,0,0,0,0,0,0,0,0,0,0,0,0,0,0,0,0,6,0,0,0,0,0,6,0,6,0,0,6,0,6,0,0,0,0,0,0,0,0,0,0,0,0,0,0,0,0,0,7,0,6,0,0,0,7,7,6,0,7,0
10898,352721,CS489,7,25561,0,0,0,0,0,0,0,0,0,0,0,0,0,0,0,0,0,0,7,7,0,6,0,0,6,8,0,6,6,0,7,7,0,6,7,0,0,7,8,0,0,0,0,7,0,6,3,0,0,6,6,0,0,0,0,0,0,7,0,6,0,0,0,0,0,0,0,0,0,0,0,0,0,0,0,0,0,0,0,0,0,0,0,0,0,7,7,0,0,0,0,0,0,0,0,0,0,5,6,0,0,6,6,0,0,0,0,0,0,0,8,0,0,0,0,0,0,0,0,0,0,0,0,0,8,8,0,0,0,7,0,0,0,0,0,0,0,0,0,0,0,0,0,0,0,0,0,0,0,0,0,0,6,0,0,0,0,0,7,0,7,0,0,6,0,0,7,8,0,0,0,0,0,0,0,0,0,0,0,0,0,0,0,7,0,6,0,0,0,8,0,7,0,7,0
14325,369468,CS489,7,25561,0,0,0,0,0,8,8,0,0,0,0,0,0,0,0,0,0,0,6,6,0,6,0,0,6,8,0,7,6,0,7,7,0,8,7,0,0,0,0,0,0,0,0,0,0,0,0,0,0,0,0,0,0,0,0,0,0,0,0,0,0,0,0,0,0,0,0,0,0,0,0,0,0,0,0,0,0,0,0,0,0,0,0,0,0,0,0,0,0,0,0,0,0,0,0,0,0,5,5,0,0,7,0,0,0,0,0,0,0,0,0,0,0,0,0,0,0,0,0,0,0,0,0,0,6,8,0,0,0,6,0,0,0,0,0,0,0,0,0,0,0,0,0,0,0,0,0,0,0,0,0,0,6,0,0,0,0,0,5,0,6,0,0,6,0,0,0,0,0,0,0,0,0,0,0,0,0,0,0,0,0,8,0,6,8,6,0,0,0,0,5,6,0,5,0
1980,329204,CS489,7,25551,0,0,0,0,0,0,7,0,0,0,0,0,0,0,0,0,0,0,7,7,0,6,0,0,6,8,0,7,7,0,7,8,0,8,7,0,7,7,8,0,0,0,0,8,0,8,6,0,0,8,7,0,0,0,0,0,0,7,0,7,0,0,0,0,0,0,0,0,0,0,0,0,0,0,0,0,0,0,0,0,0,0,0,0,0,7,7,0,0,0,0,0,0,0,0,0,2,5,5,0,0,7,6,0,7,0,0,0,0,0,0,0,0,0,0,0,0,0,0,0,0,0,0,0,7,8,0,0,0,7,0,0,0,0,0,0,0,0,0,0,0,8,0,0,0,0,0,0,0,0,0,0,7,0,0,0,0,7,0,8,0,0,0,7,0,0,0,0,0,0,0,0,0,0,0,0,0,0,0,0,0,0,0,8,0,5,0,0,0,7,0,6,0,8,0
23316,402935,CS489,6,25571,0,0,0,0,0,0,0,0,0,0,0,0,0,0,7,0,0,0,7,7,0,8,0,0,7,7,0,7,6,0,7,6,0,6,6,0,0,0,0,0,0,0,0,0,0,0,0,0,0,0,0,0,0,0,0,0,0,0,0,0,0,0,0,0,0,0,0,0,0,0,0,0,0,0,0,0,0,0,0,0,0,0,0,0,0,0,0,0,0,0,0,0,0,0,0,0,0,7,7,0,0,6,0,0,0,0,0,0,0,0,7,0,0,0,0,0,0,0,0,0,0,0,0,0,6,5,0,0,0,7,0,0,0,0,0,0,0,0,0,0,0,0,0,0,0,0,0,0,0,0,0,0,7,0,0,0,0,0,6,0,6,0,0,7,0,0,0,0,0,0,0,0,0,0,0,0,0,0,0,0,0,0,0,6,0,6,0,0,0,7,0,7,0,6,0
2617,329219,CS489,7,25551,0,0,0,0,0,0,8,0,0,0,0,0,0,0,0,0,0,0,6,6,0,6,0,0,7,8,0,6,7,0,7,7,0,7,7,0,0,7,7,0,0,0,0,8,0,6,6,0,0,6,6,0,0,0,0,0,0,7,0,7,0,0,0,0,0,0,0,0,0,0,0,0,0,0,0,0,0,0,0,0,0,0,0,0,0,7,7,0,0,0,0,0,0,0,0,0,0,5,6,0,0,8,8,0,8,0,0,0,0,0,0,0,0,0,0,0,0,0,0,0,0,0,0,0,5,6,0,0,0,5,0,0,0,0,0,0,0,0,0,0,0,8,0,0,0,0,0,0,0,0,0,0,7,0,0,0,0,5,0,7,0,0,0,6,0,0,0,0,0,0,0,0,0,0,0,0,0,0,0,0,0,0,0,6,0,5,0,0,0,7,0,6,0,6,0
20641,397372,CS489,7,25571,0,0,0,0,0,7,0,0,0,0,0,0,0,0,0,0,0,0,6,6,0,6,0,0,5,8,0,6,6,0,6,7,0,6,6,0,0,0,0,0,0,0,0,0,0,0,0,0,0,0,0,0,0,0,0,0,0,0,0,0,0,0,0,0,0,0,0,0,0,0,0,0,0,0,0,0,0,0,0,0,0,0,0,0,0,0,0,0,0,0,0,0,0,0,0,0,2,6,6,0,0,6,0,0,0,0,0,0,0,0,0,0,0,0,0,0,0,0,0,0,0,0,0,7,6,6,0,0,0,6,0,0,0,0,0,0,0,0,0,0,0,0,0,0,0,0,0,0,0,0,0,0,7,0,0,0,0,0,6,0,6,0,0,6,0,0,0,0,0,0,0,0,0,0,0,0,0,0,0,0,0,0,0,7,7,6,0,0,0,0,6,7,0,7,0
3085,329233,CS489,6,25551,0,0,0,0,0,7,8,0,0,0,0,0,0,0,0,0,0,0,6,6,0,7,0,0,5,6,0,5,6,0,6,6,0,6,6,0,6,6,0,0,0,0,0,7,0,6,4,0,0,6,6,0,0,0,0,0,0,5,0,6,0,0,0,0,0,0,0,0,0,0,0,0,0,0,0,0,0,0,0,0,0,0,0,0,0,6,0,0,0,0,0,3,0,0,0,0,0,5,5,0,0,7,7,0,0,0,0,0,0,0,0,0,0,0,0,0,0,0,0,0,0,0,0,0,6,5,0,0,0,5,0,0,0,0,0,0,0,0,0,0,0,0,0,0,0,0,0,0,0,0,0,0,6,0,0,0,0,0,5,0,6,0,0,0,0,0,0,0,0,0,0,0,0,0,0,0,0,0,0,0,0,0,0,7,0,5,0,0,0,5,6,6,0,5,0
4042,336718,CS489,5,25551,0,0,0,0,0,0,0,0,0,0,0,0,0,0,0,8,0,0,6,6,0,4,0,0,5,7,0,4,6,0,6,5,0,6,6,0,5,5,5,0,0,0,0,7,0,5,5,0,0,6,6,0,0,0,0,0,0,5,0,6,0,0,0,0,0,0,0,0,0,0,0,0,0,0,0,0,0,0,0,0,0,0,0,0,0,0,6,0,0,0,0,0,0,0,0,0,0,6,6,0,0,5,0,0,0,0,0,0,0,0,0,0,0,0,0,0,0,0,0,0,0,0,0,0,5,5,0,0,0,5,0,0,0,0,0,0,0,0,0,0,0,0,0,0,0,0,0,0,0,0,0,0,6,0,0,0,0,0,6,0,6,0,0,6,0,7,7,0,0,7,0,0,0,8,8,0,0,8,0,0,0,0,0,6,0,5,0,0,0,6,0,6,0,6,0
7645,351662,CS489,7,25561,0,0,0,0,0,7,0,0,0,0,0,0,0,0,0,0,0,0,6,6,0,6,0,0,6,8,0,6,6,0,7,7,0,6,6,0,7,7,7,0,0,0,0,6,0,6,5,0,0,6,7,0,0,0,0,0,0,6,0,7,0,0,0,0,0,0,0,0,0,0,0,0,0,0,0,0,0,0,0,0,0,0,0,0,0,8,7,0,0,0,0,0,0,0,0,0,0,6,6,0,0,6,6,0,0,0,0,0,0,0,0,0,0,0,0,0,0,0,0,0,0,0,0,0,6,6,0,0,0,3,0,0,0,0,0,0,0,0,0,0,0,0,0,0,8,0,0,0,0,0,0,0,6,0,0,0,0,0,6,0,6,0,0,6,0,0,0,0,0,0,0,0,0,0,0,0,0,0,0,0,0,8,0,7,0,6,0,0,0,7,6,6,0,5,0
1326,329190,CS489,7,25551,0,0,0,0,0,7,8,0,0,0,0,0,0,0,0,0,0,0,6,5,0,8,0,0,7,8,0,6,6,0,6,6,0,7,7,0,0,6,8,0,0,0,0,7,0,7,5,0,0,6,7,0,0,0,0,0,0,7,0,7,0,0,0,0,0,0,0,0,0,0,0,0,0,0,0,0,0,0,0,0,0,0,0,0,0,7,7,0,0,0,0,0,0,0,0,0,0,6,6,0,0,7,8,0,0,0,0,0,0,0,0,0,0,0,0,0,0,0,0,0,0,0,0,0,6,6,0,0,0,5,0,0,0,0,0,0,0,0,0,0,0,0,0,0,0,0,0,0,0,0,0,0,6,0,0,0,0,0,6,0,6,0,0,6,0,7,0,0,0,0,0,0,0,0,0,0,0,0,0,0,0,0,0,6,0,5,0,0,0,7,6,6,0,6,0
7799,351665,CS489,5,25561,0,0,0,0,0,7,8,0,0,0,0,0,0,0,0,0,0,0,6,6,0,6,0,0,4,8,0,6,5,0,5,7,0,5,6,0,6,4,7,0,0,0,0,6,0,4,4,0,0,4,6,0,0,0,0,0,0,6,0,5,0,0,0,0,0,0,0,0,0,0,0,0,0,0,0,0,0,0,0,0,0,0,0,0,0,0,5,0,0,0,0,0,0,0,0,0,0,7,6,0,0,6,7,0,7,0,0,0,0,0,0,0,0,0,0,0,0,0,0,0,0,0,0,7,6,6,0,0,0,0,0,0,0,0,0,0,0,0,0,0,0,7,0,0,0,0,0,0,0,0,0,0,6,0,0,0,0,0,6,0,6,0,0,3,0,0,0,0,0,0,0,0,0,0,0,0,0,0,0,0,0,8,0,7,0,7,0,0,0,7,7,6,0,5,0
19076,383164,CS489,6,25571,0,0,0,0,0,0,0,0,0,0,0,0,0,0,0,0,0,0,6,4,0,5,0,0,6,8,0,5,6,0,5,6,0,6,7,0,0,5,6,0,0,0,0,7,0,6,5,0,0,6,5,0,0,0,0,0,0,8,0,7,0,0,0,0,0,0,0,0,0,0,0,0,0,0,0,0,0,0,0,0,0,0,0,0,0,6,7,0,0,0,0,0,0,0,0,0,0,6,7,0,0,6,7,0,0,0,0,0,0,0,8,0,0,0,0,0,0,0,0,0,0,0,0,0,6,7,0,0,0,6,0,0,0,0,0,0,0,0,0,0,0,0,0,0,0,0,0,0,0,0,0,0,8,0,0,0,0,0,6,0,6,0,0,6,0,0,0,8,0,0,0,0,0,0,0,0,0,0,7,0,0,0,0,7,0,5,0,0,0,8,0,7,0,4,0
21033,397385,CS489,6,25571,0,0,0,0,0,8,0,0,0,0,0,0,0,0,0,0,0,0,6,6,0,5,0,0,5,8,0,7,6,0,6,7,0,7,5,0,0,0,0,0,0,0,0,0,0,0,0,0,0,0,0,0,0,0,0,0,0,0,0,0,0,0,0,0,0,0,0,0,0,0,0,0,0,0,0,0,0,0,0,0,0,0,0,0,0,0,0,0,0,0,0,0,0,0,0,0,0,5,6,0,0,5,0,0,0,0,0,0,0,0,0,0,0,0,0,0,0,0,0,0,0,0,0,0,5,0,0,0,0,3,0,0,0,0,0,0,0,0,0,0,0,0,0,0,0,0,0,0,0,0,0,0,6,0,0,0,0,0,6,0,6,0,0,5,0,0,0,0,0,0,0,0,0,0,0,0,0,0,0,0,0,0,0,7,7,5,0,0,0,0,0,7,0,6,0
12890,361066,CS489,7,25551,0,0,0,0,0,0,0,0,0,0,0,0,0,0,0,0,0,0,7,7,0,6,0,0,6,6,0,6,7,0,6,7,0,6,7,0,0,0,0,0,0,0,0,0,0,0,0,0,0,0,0,0,0,0,0,0,0,0,0,0,0,0,0,0,0,0,0,0,0,0,0,0,0,0,0,0,0,0,0,0,0,0,0,0,0,0,0,0,0,0,0,0,0,0,0,0,0,0,7,0,0,7,0,0,0,0,0,0,0,0,7,0,0,0,0,0,0,0,0,0,0,0,0,0,7,8,0,0,0,7,0,0,0,0,0,0,0,0,7,0,0,0,0,0,0,0,0,0,0,0,0,0,6,0,0,0,0,0,8,0,6,0,0,6,0,0,7,0,0,0,0,0,0,0,0,0,0,0,0,0,0,0,0,7,0,6,0,0,0,7,0,7,0,6,0
4321,336723,CS489,7,25551,0,0,0,0,0,0,0,0,0,0,0,0,0,0,0,0,0,0,6,6,0,6,0,0,6,0,0,6,6,0,6,5,0,6,7,0,7,7,6,0,0,0,0,7,0,6,5,0,0,6,6,0,0,0,0,0,0,5,0,7,0,0,0,0,0,0,0,0,0,0,0,0,0,0,0,0,0,0,0,0,0,0,0,0,0,0,7,0,0,0,0,0,0,0,0,0,0,6,6,0,0,7,7,0,0,0,0,0,0,0,7,0,0,0,0,0,0,0,0,0,0,0,0,0,5,7,0,0,0,5,0,0,0,0,0,0,0,7,0,0,0,0,0,0,0,0,0,0,0,0,0,0,6,0,0,0,0,0,7,0,6,0,0,7,0,8,0,0,0,0,0,0,0,7,0,0,0,7,0,0,0,0,0,6,0,6,0,0,0,8,0,6,0,7,0
14807,379762,CS489,6,25561,0,0,0,0,0,0,0,0,0,0,0,0,0,0,0,0,0,0,6,8,0,8,0,0,7,7,0,7,6,0,5,6,0,6,5,0,0,0,0,0,0,0,0,0,0,0,0,0,0,0,0,0,0,0,0,0,0,0,0,0,0,0,0,0,0,0,0,0,0,0,0,0,0,0,0,0,0,0,0,0,0,0,0,0,0,0,0,0,0,0,0,0,0,0,0,0,0,6,6,0,0,8,7,0,0,0,0,0,0,0,0,0,0,0,0,0,0,0,0,0,0,0,0,0,5,3,0,0,0,3,0,0,0,0,0,0,0,0,0,0,0,0,0,0,0,0,0,0,0,0,0,0,6,0,0,0,0,0,5,0,7,0,0,5,0,0,0,0,0,0,0,0,0,0,0,0,0,0,0,0,0,0,0,6,7,5,0,0,0,0,5,6,0,6,0
8405,351677,CS489,8,25561,0,0,0,0,0,0,7,0,0,0,0,0,0,0,0,0,0,0,7,6,0,7,0,0,6,8,0,7,6,0,7,8,0,7,7,0,0,0,0,0,0,0,0,8,0,8,7,8,0,7,7,0,0,0,8,8,8,7,0,0,0,0,0,7,0,0,0,0,0,0,0,0,0,0,0,0,0,0,0,0,0,0,0,0,0,0,0,0,0,0,0,0,0,0,0,0,0,7,6,0,0,6,7,0,0,0,0,0,0,0,0,0,0,0,0,0,0,0,0,0,0,0,0,0,6,7,0,0,0,6,0,0,0,0,0,0,0,0,0,0,0,0,0,0,0,0,0,0,0,0,0,0,7,0,0,0,0,0,6,0,7,0,0,7,0,0,0,0,0,0,0,0,0,0,7,0,0,0,0,0,0,0,0,7,0,6,0,0,0,7,8,6,0,5,0
9292,351698,CS489,6,25561,0,0,0,0,0,7,7,0,0,0,0,0,0,0,0,0,0,0,6,5,0,7,0,0,6,7,0,5,6,0,7,6,0,5,6,0,8,6,7,0,0,0,0,6,0,6,6,0,0,6,6,0,0,0,0,0,0,6,0,6,0,0,0,0,0,0,0,0,0,0,0,0,0,0,0,0,0,0,0,0,0,0,0,0,0,0,0,0,0,0,0,0,0,0,0,0,2,6,6,0,0,6,6,0,0,0,0,0,0,0,0,0,0,0,0,0,0,0,0,0,0,0,0,0,6,0,0,0,0,5,0,0,0,0,0,0,0,0,0,0,0,0,0,0,0,0,0,0,0,0,0,0,6,0,0,0,0,0,6,0,7,0,0,3,0,0,0,0,0,0,0,0,0,0,0,0,0,0,0,0,0,0,0,6,0,6,0,0,0,7,6,6,0,3,0
580,329174,CS489,6,25551,0,0,0,0,0,0,0,0,0,0,0,0,0,0,0,0,0,0,6,6,0,8,0,0,7,7,0,6,6,0,6,6,0,6,7,0,0,7,6,0,0,0,0,7,0,6,5,0,0,6,6,0,0,0,0,0,0,7,0,6,0,0,0,0,0,0,0,0,0,0,0,0,0,0,0,0,0,0,0,0,0,0,0,0,0,6,6,0,0,0,0,0,0,0,0,0,0,6,6,0,0,7,7,0,0,0,0,0,0,0,0,0,0,0,0,0,0,6,0,0,0,0,0,0,5,5,0,0,0,5,0,0,0,0,0,0,0,0,0,0,0,0,0,0,0,0,0,0,0,0,0,0,7,0,0,0,0,0,5,0,7,0,0,5,0,0,0,0,0,0,0,0,0,0,0,0,0,0,0,0,0,0,0,7,0,5,0,0,0,5,6,6,0,6,0
12155,354667,CS489,8,25561,0,0,0,0,0,0,0,0,0,0,0,0,0,0,0,8,0,0,6,6,0,6,0,0,7,7,0,6,6,0,6,6,0,6,6,0,0,6,6,0,0,0,0,6,0,6,6,0,0,6,6,0,0,0,0,0,0,7,0,7,0,0,0,0,0,0,0,0,0,0,0,0,0,0,0,0,0,0,0,0,0,0,0,0,0,6,7,0,0,0,0,0,0,0,0,0,0,6,5,0,0,6,6,0,0,0,0,0,0,0,7,0,0,0,0,0,0,0,0,0,0,0,0,0,6,6,0,0,0,7,0,0,0,0,0,0,0,0,7,0,0,0,0,0,0,0,0,0,0,0,0,0,6,0,0,0,0,0,5,0,6,0,0,7,0,7,7,0,0,0,0,0,0,0,0,0,0,0,0,0,0,0,0,6,0,5,0,0,0,7,0,7,0,5,0
11786,354658,CS489,5,25551,0,0,0,0,0,0,0,0,0,0,0,0,0,0,0,0,0,0,5,5,0,5,0,0,5,7,0,5,6,0,5,6,0,6,6,0,0,0,0,0,0,0,0,0,0,0,0,0,0,0,0,0,0,0,0,0,0,0,0,0,0,0,0,0,0,0,0,0,0,0,0,0,0,0,0,0,0,0,0,0,0,0,0,0,0,0,0,0,0,0,0,0,0,0,0,0,0,6,5,0,0,5,0,0,0,0,0,0,0,0,7,0,0,0,0,0,0,0,0,0,0,0,0,0,5,3,0,0,0,5,0,0,0,0,0,0,0,0,7,0,0,0,0,0,0,0,0,0,0,0,0,0,6,0,0,0,0,0,6,0,7,0,0,4,0,0,0,0,0,7,0,0,0,0,0,0,0,0,0,0,0,0,0,6,0,6,0,0,0,7,0,7,0,3,0
8926,351690,CS489,7,25551,0,0,0,0,0,0,7,0,0,0,0,0,0,0,0,0,0,0,6,7,0,8,0,0,7,8,0,7,7,0,7,7,0,6,6,0,0,0,0,0,0,0,0,0,0,0,0,0,0,0,0,0,0,0,0,0,0,0,0,0,0,0,0,0,0,0,0,0,0,0,0,0,0,0,0,0,0,0,0,0,0,0,0,0,0,0,0,0,0,0,0,0,0,0,0,0,0,0,6,0,0,7,8,0,0,0,0,0,0,0,0,0,0,0,0,0,0,0,0,0,0,0,0,0,8,6,0,0,0,6,0,0,0,0,0,0,0,0,0,0,0,0,0,0,0,0,0,0,0,0,0,0,6,0,0,0,0,0,6,0,7,0,0,7,0,0,0,0,0,0,0,0,0,0,0,0,0,0,0,0,0,0,0,6,0,7,0,0,0,7,0,7,0,8,0
819,329180,CS489,7,25551,0,0,0,0,0,7,7,0,0,0,0,0,0,0,0,0,0,0,6,6,0,7,0,0,7,8,0,6,6,0,6,7,0,6,6,0,6,6,0,0,0,0,0,7,0,6,3,0,0,6,6,0,0,0,0,0,0,6,0,6,0,0,0,0,0,0,0,0,0,0,0,0,0,0,0,0,0,0,0,0,0,0,0,0,0,6,0,0,0,0,0,0,0,0,0,0,0,5,6,0,0,7,7,0,6,0,0,0,0,0,0,0,0,0,0,0,0,0,0,0,0,0,0,0,6,6,0,0,0,6,0,0,0,0,0,0,0,0,0,0,0,0,0,0,0,0,0,0,0,0,0,0,6,0,0,0,0,0,6,0,6,0,0,7,0,0,0,0,0,0,0,0,0,0,0,0,0,0,0,0,0,0,0,6,0,5,0,0,0,5,0,6,0,6,0
24371,402968,CS489,3,25571,0,0,0,0,0,0,0,0,0,0,0,0,0,0,0,0,0,0,6,5,0,4,0,0,5,0,0,3,0,0,4,5,0,6,5,0,0,0,0,0,0,0,0,0,0,0,0,0,0,0,0,0,0,0,0,0,0,0,0,0,0,0,0,0,0,0,0,0,0,0,0,0,0,0,0,0,0,0,0,0,0,0,0,0,0,0,0,0,0,0,0,0,0,0,0,0,0,6,5,0,0,0,0,0,0,0,0,0,0,0,7,0,0,0,0,0,0,0,0,0,0,0,0,0,5,0,0,0,0,0,0,0,8,0,0,0,0,0,0,0,0,0,0,0,0,0,0,0,0,0,0,0,6,0,0,0,0,0,3,0,5,0,0,0,0,0,0,0,0,0,0,0,0,0,8,0,0,0,8,0,0,0,7,6,0,5,0,0,0,7,0,6,0,5,0
8710,351684,CS489,7,25561,0,0,0,0,0,8,0,0,0,0,0,0,0,0,0,0,0,0,6,6,0,5,0,0,6,7,0,5,5,0,6,6,0,6,5,6,0,6,6,0,0,0,0,7,0,6,5,0,0,6,6,0,0,0,0,0,0,5,0,6,0,0,0,0,0,0,0,0,0,0,0,0,0,0,0,0,0,0,0,0,0,0,0,0,0,0,6,0,0,0,0,0,0,0,0,0,0,6,5,0,0,6,5,0,0,0,0,0,0,0,0,0,0,0,0,0,0,0,0,0,0,0,0,0,6,6,0,0,0,3,0,0,0,0,0,0,0,0,0,0,0,0,0,0,0,0,0,0,0,0,0,0,5,0,0,0,0,0,6,0,6,0,0,5,0,0,0,0,0,0,0,0,0,0,7,0,0,0,0,0,0,0,0,7,0,6,0,0,0,5,7,6,0,5,0
6410,336774,CS489,7,25551,0,0,0,0,0,0,0,0,0,0,0,0,0,0,0,0,0,0,6,6,0,7,0,0,6,7,0,5,5,0,6,6,0,6,7,0,6,6,6,0,0,0,0,7,0,5,4,0,0,6,6,0,0,0,0,0,0,7,0,6,0,0,0,0,0,0,0,0,0,0,0,0,0,0,0,0,0,0,0,0,0,0,0,0,0,0,7,0,0,0,0,0,0,0,0,0,0,6,6,0,0,6,7,0,0,0,0,0,0,0,8,0,0,0,0,0,0,0,0,0,0,0,0,0,5,7,0,0,0,5,0,0,0,0,0,0,0,0,0,0,0,0,0,0,0,0,0,0,0,0,0,0,6,0,0,0,0,0,6,0,6,0,0,7,0,7,7,8,0,0,0,0,0,0,0,0,0,8,0,0,0,0,0,6,0,5,0,0,0,6,0,6,0,6,0
917,329182,CS489,7,25551,0,0,0,0,0,0,0,0,0,0,0,0,0,0,0,0,0,0,6,7,0,6,0,0,7,7,0,7,6,0,6,7,0,7,7,0,0,7,7,0,0,0,0,7,0,6,7,0,0,7,6,0,0,0,0,0,0,6,0,7,0,0,6,0,0,0,0,0,0,0,0,0,7,0,0,0,0,0,0,0,0,0,0,0,0,8,7,0,0,0,0,0,0,0,0,0,0,7,7,0,0,7,8,0,0,0,0,0,0,0,0,0,0,0,0,0,0,0,0,0,0,0,0,7,5,5,0,0,0,5,0,0,0,0,0,0,0,0,0,0,0,0,0,0,0,0,0,0,0,0,0,0,6,0,0,0,0,0,6,0,6,0,0,5,0,0,0,0,0,0,0,0,0,0,0,0,0,0,0,0,0,0,0,7,0,5,0,0,0,7,6,6,0,5,0
4163,336720,CS489,5,25551,0,0,0,0,0,0,0,0,0,0,0,0,0,0,0,0,0,0,6,6,0,7,0,0,6,7,0,5,5,0,5,6,0,5,6,0,6,6,5,0,0,0,0,7,0,6,4,0,0,6,6,0,0,0,0,0,0,6,0,6,0,0,0,0,0,0,0,0,0,0,0,0,0,0,0,0,0,0,0,0,0,0,0,0,0,0,5,0,0,0,0,0,0,0,0,0,2,6,6,0,0,6,6,0,0,0,0,0,0,0,7,0,0,0,0,0,0,0,0,0,0,0,0,0,5,3,0,0,0,5,0,0,0,0,0,0,0,0,0,0,0,0,0,0,0,0,0,0,0,0,0,0,6,0,0,0,0,0,6,0,5,0,0,6,0,0,7,0,0,0,0,0,0,7,0,0,0,7,0,0,0,0,0,5,0,5,0,0,0,8,0,6,0,5,0
15665,379786,CS489,7,25561,0,0,0,0,0,8,7,0,0,0,0,0,0,0,0,0,0,0,6,7,0,6,0,0,6,8,0,6,6,0,7,7,0,7,8,0,0,0,0,0,0,0,0,0,0,0,0,0,0,0,0,0,0,0,0,0,0,0,0,0,0,0,0,0,0,0,0,0,0,0,0,0,0,0,0,0,0,0,0,0,0,0,0,0,0,0,0,0,0,0,0,0,0,0,0,0,0,6,6,0,0,6,0,0,0,0,0,0,0,0,0,0,0,0,0,0,0,0,0,0,0,0,0,0,4,0,0,0,0,3,0,0,0,0,0,0,0,0,0,0,0,0,0,0,0,0,0,0,0,0,0,0,6,0,0,0,0,0,5,0,8,0,0,5,0,0,0,0,0,0,0,0,0,0,0,0,0,0,0,0,0,0,0,7,0,5,0,0,0,6,0,7,8,5,0
21601,397401,CS489,7,25571,0,0,0,0,0,0,7,0,0,0,0,0,0,0,0,0,0,0,6,6,0,6,0,0,6,8,0,7,6,0,6,8,0,6,6,0,0,0,0,4,8,0,0,0,0,0,0,0,0,0,0,0,0,0,0,0,0,0,0,0,0,0,0,0,0,0,0,0,0,0,0,0,0,0,0,0,0,0,0,0,0,0,0,0,0,0,0,0,0,0,0,0,0,0,0,0,0,0,0,0,0,7,0,7,0,0,0,0,0,0,0,0,0,0,0,0,0,0,0,0,0,0,0,0,6,5,0,0,0,0,0,0,0,0,0,0,0,0,0,0,0,0,0,0,0,0,0,0,0,0,0,0,6,0,0,0,0,0,5,0,7,0,0,5,0,0,0,0,0,0,0,0,0,0,0,0,0,0,0,0,0,0,0,0,0,7,0,0,0,7,5,7,0,6,0
17953,383132,CS489,5,25571,0,0,0,0,0,0,0,0,0,0,0,0,0,7,0,0,0,0,6,4,0,5,0,0,6,8,0,5,6,0,6,7,0,6,6,0,0,5,7,0,0,0,0,7,0,6,5,0,0,6,6,0,0,0,0,0,0,7,0,7,0,0,0,0,0,0,0,0,0,0,0,0,0,0,0,0,0,0,0,0,0,0,0,0,0,6,6,0,0,0,0,0,0,0,0,0,0,5,6,0,0,7,6,0,0,0,0,0,0,0,8,0,0,0,0,0,0,0,0,0,0,0,0,0,7,8,0,0,0,6,0,0,0,0,0,0,0,0,0,0,0,0,0,0,0,0,0,0,0,0,0,0,8,0,0,0,0,0,6,0,6,0,0,6,0,0,0,8,0,0,0,0,0,0,0,0,0,0,7,0,0,0,0,6,0,6,0,0,0,8,0,6,0,5,0
17729,381735,CS489,6,25571,0,0,0,0,0,0,0,0,0,0,0,0,0,7,7,0,0,0,7,6,0,6,0,0,6,8,0,6,6,0,6,7,0,6,7,0,0,6,6,0,0,0,0,8,0,6,6,0,0,6,6,0,0,0,0,0,0,7,0,7,0,0,0,0,0,0,0,0,0,0,0,0,0,0,0,0,0,0,0,0,0,0,0,0,0,6,7,0,0,0,0,0,0,0,0,0,0,8,7,0,0,7,8,0,0,0,0,0,0,0,8,0,0,0,0,0,0,0,0,0,0,0,0,0,5,7,0,0,0,5,0,0,0,0,0,0,0,0,8,0,0,0,0,0,0,0,0,0,0,0,0,0,8,0,0,0,0,0,6,0,7,0,3,7,0,0,0,0,0,0,0,0,0,0,0,0,0,0,0,0,0,0,0,8,0,5,0,0,0,7,0,6,0,6,0
7346,344711,CS489,7,25561,0,0,0,0,0,0,8,0,0,0,0,0,0,0,0,0,0,0,6,6,0,8,0,0,6,8,0,7,6,0,6,7,0,6,7,6,0,7,7,0,0,0,0,7,0,6,6,0,0,6,6,0,0,0,0,0,0,7,0,6,0,0,0,0,0,0,0,0,0,0,0,0,0,0,0,0,0,0,0,0,0,0,0,0,0,0,6,0,0,0,0,0,0,0,0,0,0,7,6,0,0,6,6,0,0,0,0,0,0,0,6,0,0,0,0,0,0,0,0,0,0,0,0,0,5,7,0,0,0,3,0,0,0,0,0,0,0,0,0,0,0,0,0,0,0,0,0,0,0,0,0,0,7,0,0,0,0,0,6,0,6,0,0,7,0,0,0,0,0,0,0,0,0,0,0,0,0,0,0,0,0,0,0,7,0,6,0,0,0,7,0,6,0,6,0
20683,397373,CS489,6,25571,0,0,0,0,0,0,0,0,0,0,0,0,0,0,0,0,0,0,6,6,0,6,0,0,5,7,0,7,7,0,6,7,0,6,6,0,0,0,0,0,7,0,0,0,0,0,0,0,0,0,0,0,0,0,0,0,0,0,0,0,0,0,0,0,0,0,0,0,0,0,0,0,0,0,0,0,0,0,0,0,0,0,0,0,0,0,0,0,0,0,0,0,0,0,0,0,0,5,6,0,0,6,0,0,7,0,0,0,0,0,0,0,0,0,0,0,0,0,0,0,0,0,0,0,5,6,0,0,0,6,0,0,0,0,0,0,0,0,0,0,0,0,0,0,0,0,0,0,0,0,0,0,6,0,0,0,0,0,5,0,6,0,0,5,0,0,0,0,0,0,0,0,0,0,0,0,0,0,0,0,0,0,0,7,0,6,0,0,0,7,0,6,0,6,0
16646,379814,CS489,7,25561,0,0,0,0,0,7,0,0,0,0,0,0,0,0,0,0,0,0,6,5,0,6,0,0,6,8,0,6,7,0,6,6,0,6,7,0,0,0,0,0,0,0,0,0,0,0,0,0,0,0,0,0,0,0,0,0,0,0,0,0,0,0,0,0,0,0,0,0,0,0,0,0,0,0,0,0,0,0,0,0,0,0,0,0,0,0,0,0,0,0,0,0,0,0,0,0,2,7,6,0,0,6,6,0,0,0,0,0,0,0,6,0,0,0,0,0,0,0,0,0,0,0,0,0,6,7,0,0,0,5,0,0,0,0,0,0,0,0,0,0,0,7,0,0,0,0,0,0,0,0,0,0,6,0,0,0,0,0,5,0,6,0,0,6,0,0,0,0,0,0,0,0,0,0,0,0,0,0,0,0,0,7,0,7,7,5,0,0,0,0,0,6,0,6,0
8598,351682,CS489,7,25551,0,0,0,0,0,0,7,0,0,0,0,0,0,0,0,0,0,0,7,7,0,6,0,0,8,8,0,7,7,0,7,7,0,6,6,0,0,0,0,0,0,0,0,0,0,0,0,0,0,0,0,0,0,0,0,0,0,0,0,0,0,0,0,0,0,0,0,0,0,0,0,0,0,0,0,0,0,0,0,0,0,0,0,0,0,0,0,0,0,0,0,0,0,0,0,0,0,6,5,0,0,6,0,0,0,0,0,0,0,0,0,0,0,0,0,0,0,0,0,0,0,0,0,8,8,8,0,0,0,6,0,0,0,0,0,0,0,0,0,0,0,0,0,0,0,0,0,0,0,0,0,0,6,0,0,0,0,0,7,0,7,0,0,8,0,0,0,0,0,0,0,0,0,0,0,0,0,0,0,0,0,0,0,8,0,7,0,0,0,7,6,6,0,7,0
21432,397397,CS489,7,25571,0,0,0,0,0,7,0,0,0,0,0,0,0,0,0,0,0,0,6,7,0,6,0,0,6,8,0,7,7,0,7,7,0,7,6,0,0,0,0,0,0,0,0,0,0,0,0,0,0,0,0,0,0,0,0,0,0,0,0,0,0,0,0,0,0,0,0,0,0,0,0,0,0,0,0,0,0,0,0,0,0,0,0,0,0,0,0,0,0,0,0,0,0,0,0,0,2,6,5,0,0,7,0,0,3,0,0,0,0,0,0,0,0,0,0,0,0,0,0,0,0,0,0,6,6,7,0,0,0,7,0,0,0,0,0,0,0,0,0,0,0,0,0,0,0,0,0,0,0,0,0,0,6,0,0,0,0,0,7,0,6,0,0,6,0,0,0,0,0,0,0,0,0,0,0,0,0,0,0,0,0,0,0,7,7,6,0,0,0,0,6,7,0,7,0
5036,336739,CS489,7,25551,0,0,0,0,0,0,0,0,0,0,0,0,0,0,0,0,0,0,6,5,0,8,0,0,6,8,0,6,6,0,6,6,0,6,7,0,7,6,7,0,0,0,0,7,0,6,6,0,0,6,7,0,0,0,0,0,0,7,0,7,0,0,0,0,0,0,0,0,0,0,0,0,0,0,0,0,0,0,0,0,0,0,0,0,0,0,7,0,0,0,0,0,0,0,0,0,0,5,6,0,0,6,6,0,0,0,0,0,0,0,8,0,0,0,0,0,0,0,0,0,0,0,0,0,7,6,0,0,0,6,0,0,0,0,0,0,0,0,0,0,0,0,0,0,0,0,0,0,0,0,0,0,6,0,0,0,0,0,7,0,6,0,0,6,0,0,7,0,0,0,0,0,0,7,0,0,0,8,0,0,0,0,0,7,0,6,0,0,0,8,0,7,0,7,0
1472,329193,CS489,6,25551,0,0,0,0,0,0,0,0,0,0,0,0,0,0,0,0,0,0,7,7,0,6,0,0,6,6,0,7,6,0,7,7,0,6,7,0,0,6,6,0,0,0,0,7,0,7,5,7,0,6,7,0,0,0,0,0,0,5,0,6,0,0,7,0,0,0,0,0,0,0,0,0,0,0,0,0,0,0,0,0,0,0,0,0,0,6,7,0,0,0,0,0,0,0,0,0,0,7,7,0,0,8,7,0,0,0,0,0,0,0,0,0,0,0,0,0,0,0,0,0,0,0,0,0,5,5,0,0,0,5,0,0,0,0,0,0,0,0,0,0,0,0,0,0,0,0,0,0,0,0,0,0,7,0,0,0,0,0,6,0,6,0,0,5,0,0,0,0,0,0,0,0,0,0,0,0,0,0,0,0,0,0,0,6,0,5,0,0,0,5,0,6,0,7,0
3138,329234,CS489,7,25551,0,0,0,0,0,6,7,0,0,0,0,0,0,0,0,0,0,0,6,6,0,8,0,0,6,6,0,6,6,0,6,7,0,6,6,0,0,7,7,0,0,0,0,8,0,6,6,0,0,8,8,0,0,0,0,0,0,8,0,6,0,0,8,0,0,0,0,0,0,0,0,0,0,0,0,0,0,0,0,0,0,0,0,0,0,7,7,0,0,0,0,0,0,0,0,0,0,0,7,0,0,8,8,0,0,0,0,0,0,0,0,0,0,0,0,0,0,0,0,0,0,0,0,8,6,6,0,0,0,4,0,0,0,0,0,0,0,0,0,0,0,0,0,0,0,0,0,0,0,0,0,0,6,0,0,0,0,0,6,0,6,0,0,3,0,0,0,0,0,0,0,0,0,0,0,0,0,0,0,0,0,0,0,7,0,6,0,0,0,6,6,6,0,6,0
21295,397394,CS489,7,25571,0,0,0,0,0,7,0,0,0,0,0,0,0,0,0,0,0,0,7,6,0,6,0,0,6,8,0,7,7,0,6,7,0,6,6,0,0,0,0,0,0,0,0,0,0,0,0,0,0,0,0,0,0,0,0,0,0,0,0,0,0,0,0,0,0,0,0,0,0,0,0,0,0,0,0,0,0,0,0,0,0,0,0,0,0,0,0,0,0,0,0,0,0,0,0,0,0,5,5,0,0,6,0,0,0,0,0,0,0,0,0,0,0,0,0,0,0,0,0,0,0,0,0,5,5,6,0,0,0,6,0,0,0,0,0,0,0,0,0,0,0,0,0,0,0,0,0,0,0,0,0,0,6,0,0,0,8,0,5,0,6,0,0,5,0,0,0,0,0,0,0,0,0,0,0,0,0,0,0,0,0,0,0,6,7,5,0,0,0,0,0,7,0,5,0
14073,369349,CS489,7,25561,0,0,0,0,0,7,8,0,0,0,0,0,0,0,0,0,0,0,7,7,0,7,0,0,7,8,0,7,6,0,6,7,0,7,6,0,0,0,0,0,0,0,0,0,0,0,0,0,0,0,0,0,0,0,0,0,0,0,0,0,0,0,0,0,0,0,0,0,0,0,0,0,0,0,0,0,0,0,0,0,0,0,0,0,0,0,0,0,0,0,0,0,0,0,0,0,0,7,6,0,0,7,7,0,0,0,0,0,0,0,0,0,0,0,0,0,0,0,0,0,0,0,0,0,6,6,0,0,0,6,0,0,0,0,0,0,0,0,0,0,0,0,0,0,0,0,0,0,0,0,0,0,6,0,0,0,0,0,7,0,8,0,0,5,0,0,0,0,0,0,0,0,0,0,0,0,0,0,0,0,0,0,0,7,8,6,0,0,0,0,0,7,0,6,0
9600,351704,CS489,7,25561,0,0,0,0,0,8,8,0,0,0,0,0,0,0,0,0,0,0,6,6,0,6,0,0,6,7,0,7,7,0,7,7,0,7,6,0,7,7,7,0,0,0,0,6,0,6,6,0,0,6,6,0,0,0,0,0,0,7,0,7,0,0,0,0,0,0,0,0,0,0,0,0,0,0,0,0,0,0,0,0,0,0,0,0,0,0,7,0,0,0,0,0,0,0,0,0,0,5,5,0,0,5,6,0,0,0,0,0,0,0,0,0,0,0,0,0,0,0,0,0,0,0,0,0,6,6,0,0,0,6,0,0,0,0,0,0,0,0,0,0,0,0,0,0,0,0,0,0,0,0,0,0,6,0,0,0,0,0,5,0,5,0,0,8,0,0,0,0,0,0,0,0,0,0,0,0,0,0,0,0,0,0,0,7,0,7,0,0,0,5,7,6,0,6,0
6303,336772,CS489,7,25561,0,0,0,0,0,0,7,0,0,0,0,0,0,0,7,0,0,0,6,7,0,6,0,0,6,6,0,6,6,0,6,5,0,6,6,6,6,8,6,0,0,0,0,6,6,6,5,0,0,5,3,0,0,0,0,0,0,6,0,6,0,0,0,0,0,0,0,0,0,0,0,0,0,0,0,0,0,0,0,0,0,0,0,0,0,0,6,7,0,0,0,0,0,0,0,0,0,5,6,0,0,6,6,0,0,0,0,0,0,0,7,0,0,0,0,0,0,0,0,0,0,0,0,0,7,5,0,0,0,5,0,0,0,0,0,0,0,0,0,0,0,0,0,0,0,0,0,0,0,0,0,0,6,0,0,0,0,0,7,0,5,0,5,5,0,0,7,7,0,7,0,0,0,0,0,0,0,7,7,0,0,0,0,6,0,5,0,0,0,5,0,6,0,5,0
21747,397406,CS489,8,25571,0,0,0,0,0,8,0,0,0,0,0,0,0,0,0,0,0,0,7,7,0,7,0,0,7,8,0,7,7,0,7,7,0,6,6,0,0,0,0,0,0,0,0,0,0,0,0,0,0,0,0,0,0,0,0,0,0,0,0,0,0,0,0,0,0,0,0,0,0,0,0,0,0,0,0,0,0,0,0,0,0,0,0,0,0,0,0,0,0,0,0,0,0,0,0,0,0,6,7,0,0,6,0,0,0,0,0,0,0,0,0,0,0,0,0,0,0,0,0,0,0,0,0,7,7,6,0,0,0,7,0,0,0,0,0,0,0,0,0,0,0,0,0,0,0,0,0,0,0,0,0,0,6,0,0,0,0,0,6,0,6,0,0,6,0,0,0,0,0,0,0,0,0,0,0,0,0,0,0,0,0,0,0,7,7,5,0,0,0,0,5,7,0,8,0
8506,351680,CS489,6,25561,0,0,0,0,0,7,8,0,0,0,0,0,0,0,0,0,0,0,6,5,0,6,0,0,6,7,0,6,6,0,6,6,0,6,5,0,7,6,7,0,0,0,0,6,0,6,5,0,0,5,6,0,0,0,0,0,0,6,0,7,0,0,0,0,0,0,0,0,0,0,0,0,0,0,0,0,0,0,0,0,0,0,0,0,0,0,6,0,0,0,0,0,0,0,0,0,2,5,6,0,0,5,5,0,0,0,0,0,0,0,0,0,0,0,0,0,0,0,0,0,0,0,0,0,5,6,0,0,0,6,0,0,0,0,0,0,0,0,0,0,0,0,0,0,0,0,0,0,0,0,0,0,6,0,0,0,0,0,6,0,6,0,0,6,0,0,0,0,0,0,0,0,0,0,0,0,0,0,0,0,0,0,0,6,0,6,0,0,0,7,8,6,0,5,0
5584,336753,CS489,6,25551,0,0,0,0,7,0,7,0,0,0,0,0,0,0,0,0,0,0,5,5,0,5,0,0,6,6,0,4,5,0,6,6,0,6,5,0,6,6,5,0,0,0,0,7,0,5,0,0,0,6,6,0,0,0,0,0,0,6,0,0,0,0,0,0,0,0,0,0,0,0,0,0,0,0,0,0,0,0,0,0,0,0,0,0,0,0,0,0,0,0,0,0,0,0,0,0,0,5,5,0,0,6,0,0,0,0,0,0,0,0,0,0,0,0,0,0,0,0,0,0,0,0,0,0,4,0,0,0,0,5,0,0,0,0,0,0,0,0,8,0,0,0,0,0,0,0,0,0,0,0,0,0,6,0,0,0,0,0,7,0,5,0,0,5,0,0,7,0,0,8,0,0,0,8,8,8,0,8,8,0,0,0,0,7,0,6,0,0,0,6,0,6,0,5,0
20905,397378,CS489,5,25571,0,0,0,0,0,7,8,0,0,0,0,0,0,0,0,0,0,0,7,7,0,6,0,0,6,7,0,7,6,0,6,8,0,6,6,0,0,0,0,0,0,0,0,0,0,0,0,0,0,0,0,0,0,0,0,0,0,0,0,0,0,0,0,0,0,0,0,0,0,0,0,0,0,0,0,0,0,0,0,0,0,0,0,0,0,0,0,0,0,0,0,0,0,0,0,0,2,6,6,0,0,6,0,0,0,0,0,0,0,0,0,0,0,0,0,0,0,0,0,0,0,0,0,5,6,0,0,0,0,5,0,0,0,0,0,0,0,0,0,0,0,0,0,0,0,0,0,0,0,0,0,0,6,0,0,0,0,0,5,0,6,0,0,5,0,3,0,0,0,0,0,0,0,0,0,0,0,0,0,0,0,6,0,7,7,5,0,0,0,0,0,6,0,6,0
21342,397395,CS489,3,25571,0,0,0,0,0,7,0,0,0,0,0,0,0,0,0,0,0,0,6,6,0,3,0,0,6,0,0,7,7,0,6,6,0,6,5,0,0,0,0,0,0,0,0,0,0,0,0,0,0,0,0,0,0,0,0,0,0,0,0,0,0,0,0,0,0,0,0,0,0,0,0,0,0,0,0,0,0,0,0,0,0,0,0,0,0,0,0,0,0,0,0,0,0,0,0,0,2,6,6,0,0,0,0,0,0,0,0,0,0,0,0,0,0,0,0,0,0,0,0,0,0,0,0,3,7,0,0,0,0,6,0,0,0,0,0,0,0,0,0,0,0,0,0,0,0,0,0,0,0,0,0,0,6,0,0,0,0,0,8,0,6,0,0,0,0,3,0,0,0,0,0,0,0,0,0,0,0,0,0,0,0,0,0,7,7,6,0,0,0,0,0,6,0,6,0
7748,351664,CS489,6,25561,0,0,0,0,0,0,7,0,0,0,0,0,0,0,0,0,0,0,6,6,0,6,0,0,6,7,0,5,5,0,6,7,0,6,5,0,8,5,7,0,0,0,0,6,0,6,7,0,0,6,6,0,0,0,0,0,0,7,0,6,0,0,0,0,0,0,0,0,0,0,0,0,0,0,0,0,0,0,0,0,0,0,0,0,0,7,6,0,0,0,0,0,0,0,0,0,0,6,5,0,0,5,5,0,0,0,0,0,0,0,0,0,0,0,0,0,0,0,0,0,0,0,0,0,6,3,0,0,0,5,0,0,0,0,0,0,0,0,0,0,0,0,0,0,0,0,0,0,0,0,0,0,6,0,0,0,0,0,5,0,6,0,0,6,0,0,0,0,0,0,0,0,0,0,0,0,0,0,0,0,0,0,0,6,0,6,0,0,0,7,7,6,0,5,0
23110,402930,CS489,6,25571,0,0,0,0,0,0,0,0,0,0,0,0,0,8,0,0,0,0,6,6,0,6,0,0,6,8,0,7,7,0,7,7,0,6,7,0,0,0,0,0,0,0,0,0,0,0,0,0,0,0,0,0,0,0,0,0,0,0,0,0,0,0,0,0,0,0,0,0,0,0,0,0,0,0,0,0,0,0,0,0,0,0,0,0,0,0,0,0,0,0,0,0,0,0,0,0,0,7,7,0,0,7,0,0,0,0,0,0,0,0,8,0,0,0,0,0,0,0,0,0,0,0,0,0,8,0,0,0,0,8,0,0,0,0,0,0,0,0,0,0,0,0,0,0,0,0,0,0,0,0,0,0,8,0,0,0,0,0,8,0,7,0,0,0,0,0,0,0,0,0,0,0,0,0,0,0,0,0,0,0,0,0,0,7,0,7,0,0,0,7,0,6,0,6,0
10182,351722,CS489,7,25561,0,0,0,0,0,0,7,0,0,0,0,0,0,0,0,0,0,0,6,7,0,7,0,0,7,8,0,6,6,0,6,6,0,6,6,0,7,6,7,0,0,0,0,6,0,6,6,0,0,6,6,0,0,0,0,0,0,6,0,6,0,0,0,0,0,0,0,0,0,0,0,0,0,0,0,0,0,0,0,0,0,0,0,0,0,0,7,0,0,0,0,0,0,0,0,0,0,5,5,0,0,6,0,0,0,0,0,0,0,0,0,0,0,0,0,0,0,0,0,0,0,0,0,0,7,6,0,0,0,6,0,0,0,0,0,0,0,0,0,0,0,0,0,0,0,0,0,0,0,0,0,0,5,0,0,0,0,0,6,0,7,0,0,5,0,0,0,0,0,0,0,0,0,0,6,0,0,0,0,0,0,7,0,7,0,6,0,0,0,6,7,6,0,6,0
10448,351728,CS489,6,25561,0,0,0,0,0,0,8,0,0,0,0,0,0,0,0,0,0,0,6,5,0,6,0,0,5,7,0,6,6,0,6,6,0,6,6,0,0,5,7,0,7,0,0,6,0,5,5,0,0,6,6,0,0,0,0,0,0,7,0,6,0,0,0,0,0,0,0,0,0,0,0,0,0,0,0,0,0,0,0,0,0,0,0,0,0,6,6,0,0,0,0,0,0,0,0,0,0,5,4,0,0,0,0,0,0,0,0,0,0,0,0,0,0,0,0,0,0,0,0,0,0,0,0,0,5,0,0,0,0,5,0,0,0,0,0,0,0,0,0,0,0,0,0,0,0,0,0,0,0,0,0,0,5,0,0,0,0,0,5,0,6,0,0,5,0,0,0,0,0,0,0,0,0,0,7,0,0,0,0,0,0,0,0,7,0,6,0,0,0,7,8,6,0,5,0
21121,397389,CS489,8,25571,0,0,0,0,0,0,0,0,0,0,0,0,0,0,0,0,0,0,7,7,0,7,0,0,6,8,0,7,7,0,8,8,0,6,6,0,0,0,0,0,0,0,0,0,0,0,0,0,0,0,0,0,0,0,0,0,0,0,0,0,0,0,0,0,0,0,0,0,0,0,0,0,0,0,0,0,0,0,0,0,0,0,0,0,0,0,0,0,0,0,0,0,0,0,0,0,2,6,6,0,0,6,0,8,0,0,0,0,0,0,0,0,0,0,0,0,0,0,0,0,0,0,0,7,6,7,0,0,0,5,0,0,0,0,0,0,0,0,0,0,0,0,0,0,0,0,0,0,0,0,0,0,6,0,0,0,0,0,6,0,6,0,0,7,0,0,0,0,0,0,0,0,0,0,0,0,0,0,0,0,0,0,0,7,8,7,0,0,0,0,6,7,0,7,0
20036,393144,CS489,5,25571,0,0,0,0,0,7,0,0,0,0,0,0,0,0,0,0,0,0,6,6,0,6,0,0,6,8,0,6,6,0,6,7,0,6,6,0,0,0,0,0,0,0,0,0,0,0,0,0,0,0,0,0,0,0,0,0,0,0,0,0,0,0,0,0,0,0,0,0,0,0,0,0,0,0,0,0,0,0,0,0,0,0,0,0,0,0,0,0,0,0,0,0,0,0,0,0,2,6,6,0,0,6,0,0,7,0,0,0,0,0,0,0,0,0,0,0,0,0,0,0,0,0,0,5,5,0,0,0,0,3,0,0,0,0,0,0,0,0,0,0,0,0,0,0,0,0,0,0,0,0,0,0,6,0,0,0,0,0,3,0,5,0,0,5,0,0,0,0,0,0,0,0,0,0,0,0,0,0,0,0,0,6,0,7,8,5,0,0,0,0,0,6,0,5,0
5289,336746,CS489,7,25551,0,0,0,0,0,0,0,0,0,0,0,0,0,0,0,0,0,0,7,6,0,6,0,0,6,6,0,6,6,0,6,5,0,5,6,0,6,6,6,0,0,0,0,8,0,6,5,0,0,6,6,0,0,0,0,0,0,6,0,6,0,0,0,0,0,0,0,0,0,0,0,0,0,0,0,0,0,0,0,0,0,0,0,0,0,0,7,0,0,0,0,0,0,0,0,0,0,5,6,0,0,7,6,0,0,0,0,0,0,0,7,0,0,0,0,0,0,0,0,0,0,0,0,0,6,7,0,0,0,7,0,0,0,0,0,0,0,0,0,0,0,0,0,0,0,0,0,0,0,0,0,0,6,0,0,0,0,0,7,0,6,0,0,7,0,0,7,0,0,7,0,0,0,8,0,0,0,7,0,0,0,0,0,6,0,5,0,0,0,6,0,6,0,7,0
21077,397386,CS489,8,25571,0,0,0,0,0,8,0,0,0,0,0,0,0,0,0,0,0,0,6,7,0,6,0,0,6,7,0,7,6,0,8,7,0,7,6,0,0,0,0,0,0,0,0,0,0,0,0,0,0,0,0,0,0,0,0,0,0,0,0,0,0,0,0,0,0,0,0,0,0,0,0,0,0,0,0,0,0,0,0,0,0,0,0,0,0,0,0,0,0,0,0,0,0,0,0,0,2,8,7,0,0,7,0,0,0,0,0,0,0,0,0,0,0,0,0,0,0,0,0,0,0,0,0,7,7,7,0,0,0,7,0,0,0,0,0,0,0,0,0,0,0,0,0,0,0,0,0,0,0,0,0,0,6,0,0,0,0,0,8,0,7,0,0,7,0,0,0,0,0,0,0,0,0,0,0,0,0,0,0,0,0,0,0,7,8,6,0,0,0,0,0,7,0,8,0
10341,351726,CS489,7,25561,0,0,0,0,0,0,7,0,0,0,0,0,0,0,0,0,0,0,6,6,0,7,0,0,6,7,0,6,5,0,6,6,0,5,6,0,7,6,7,0,0,0,0,6,0,5,6,0,0,6,6,0,0,0,0,0,0,7,0,6,0,0,0,0,0,0,0,0,0,0,0,0,0,0,0,0,0,0,0,0,0,0,0,0,0,0,6,0,0,0,0,0,0,0,0,0,2,7,6,0,0,6,0,0,7,0,0,0,0,0,0,0,0,0,0,0,0,0,0,0,0,0,0,0,5,3,0,0,0,6,0,0,0,0,0,0,0,0,0,0,0,0,0,0,0,0,0,0,0,0,0,0,5,0,0,0,0,0,6,0,6,0,0,5,0,4,0,0,0,0,0,0,0,0,0,0,0,0,0,0,0,0,0,7,0,6,0,0,0,7,8,6,0,5,0
9242,351697,CS489,6,25561,0,0,0,0,0,0,8,0,0,0,0,0,0,0,0,0,0,0,6,5,0,6,0,0,6,7,0,6,6,0,7,6,0,5,6,0,0,5,7,0,0,0,0,6,0,6,6,0,0,6,6,0,0,0,0,0,0,7,0,7,0,0,0,0,0,0,0,0,0,0,0,0,0,0,0,0,0,0,0,0,0,0,0,0,0,6,6,0,0,0,0,0,0,0,0,0,0,5,5,0,0,6,5,0,0,0,0,0,0,0,0,0,0,0,0,0,0,0,0,0,0,0,0,0,6,7,0,0,0,6,0,0,0,0,0,0,0,0,0,0,0,0,0,0,0,0,0,0,0,0,0,0,6,0,0,0,0,0,6,0,6,0,0,5,0,0,0,0,0,0,0,0,0,0,7,0,0,0,0,0,0,0,0,6,0,6,0,0,0,7,8,6,0,6,0
683,329176,CS489,6,25551,0,0,0,0,0,0,7,0,0,0,0,0,0,0,0,0,0,0,7,7,0,6,0,0,7,6,0,6,5,0,6,6,0,6,6,0,6,6,6,0,0,0,0,7,0,5,5,0,0,6,6,0,0,0,0,0,0,7,0,6,0,0,0,0,0,0,0,0,0,0,0,0,0,0,0,0,0,0,0,0,0,0,0,0,0,0,7,0,0,0,0,0,0,0,0,0,0,0,5,0,0,7,7,0,0,0,0,3,0,0,0,0,0,0,0,0,0,0,0,0,0,0,0,0,5,6,0,0,0,6,0,0,0,0,0,0,0,0,0,0,0,0,0,0,0,0,0,0,0,0,0,0,6,0,6,0,0,0,6,0,6,0,0,3,0,0,0,0,0,0,0,0,0,0,0,0,0,0,0,0,0,0,0,5,0,5,0,0,0,6,0,7,0,6,0
5996,336765,CS489,6,25561,0,0,0,0,0,0,7,0,0,0,0,0,0,0,7,0,0,0,6,6,0,5,0,0,6,0,0,6,6,0,6,5,0,6,5,6,6,6,6,0,0,0,0,6,6,6,5,0,0,5,0,0,0,0,0,0,0,5,0,6,0,0,0,0,0,0,0,0,0,0,0,0,0,0,0,0,0,0,0,0,0,0,0,0,0,0,6,7,0,0,0,0,0,0,0,0,0,5,5,0,0,5,6,0,0,0,0,0,0,0,7,0,0,0,0,0,0,0,0,0,0,0,0,0,6,5,0,0,0,7,0,0,0,0,0,0,0,0,0,0,0,0,0,0,0,0,0,0,0,0,0,0,6,0,0,0,0,0,6,0,5,0,0,6,0,7,7,7,0,8,0,0,0,8,0,0,0,7,0,0,0,0,0,6,0,5,0,0,0,6,0,6,0,7,0
7398,344712,CS489,7,25561,0,0,0,0,0,0,7,0,0,0,7,0,0,0,0,0,0,0,6,6,0,6,0,0,6,8,0,6,6,0,6,6,0,6,6,6,0,6,8,0,0,0,0,8,0,6,5,0,0,6,6,0,0,0,0,0,0,6,0,7,0,0,0,0,0,0,0,0,0,0,0,0,0,0,0,0,0,0,0,0,0,0,0,0,0,0,6,0,0,0,0,0,0,0,0,0,0,7,6,0,0,6,6,0,0,0,0,0,0,0,0,0,0,0,0,0,0,0,0,0,0,0,0,0,5,6,0,0,0,3,0,0,0,0,0,0,0,0,0,0,0,0,0,0,0,0,0,0,0,0,0,0,5,0,0,0,0,0,6,0,6,0,0,6,0,0,0,0,0,0,0,0,0,0,0,0,0,0,0,0,0,8,0,7,0,5,0,0,0,7,0,6,0,5,0
2308,329212,CS489,8,25551,0,0,0,0,0,0,8,0,0,0,0,0,0,0,0,0,0,0,8,8,0,7,0,0,7,7,0,8,7,0,7,7,0,8,7,0,8,7,8,0,0,0,0,8,0,7,8,0,0,7,7,0,0,0,0,0,0,8,0,8,0,0,0,0,0,0,0,0,0,0,0,0,0,0,0,0,0,0,0,0,0,0,0,0,0,7,8,0,0,0,0,0,0,0,0,0,0,0,7,0,0,8,8,0,8,0,0,0,0,0,0,0,0,0,0,0,0,0,0,0,0,0,0,0,5,6,0,0,0,6,0,0,0,0,0,0,0,0,0,0,0,7,0,0,0,0,0,0,0,0,0,0,7,0,0,0,0,0,6,0,6,0,0,6,0,5,0,0,0,0,0,0,0,0,0,0,0,0,0,0,0,0,0,6,0,5,0,0,0,5,7,7,0,6,0
18848,383158,CS489,6,25571,0,0,0,0,0,0,0,0,0,0,0,0,0,0,0,0,0,0,6,6,0,5,0,0,7,8,0,5,5,0,5,6,0,6,6,0,0,5,6,0,0,0,0,7,0,7,6,0,0,6,6,0,0,0,0,0,0,6,0,7,0,0,0,0,0,0,0,0,0,0,0,0,0,0,0,0,0,0,0,0,0,0,0,0,0,6,7,0,0,0,0,0,0,0,0,0,2,6,6,0,0,6,6,0,0,0,0,0,0,0,7,0,0,0,0,0,0,0,0,0,0,0,0,0,7,8,0,0,0,6,0,0,0,0,0,0,0,0,7,0,0,0,0,0,0,0,0,0,0,0,0,0,8,0,0,0,0,0,6,0,7,0,0,6,0,0,0,0,0,0,0,0,0,0,7,0,0,0,8,0,0,0,0,7,0,5,0,0,0,7,0,5,0,6,0
19646,389415,CS489,7,25571,0,0,0,0,0,0,7,0,0,0,0,0,0,0,0,0,0,0,6,6,0,5,0,0,6,8,0,7,6,0,6,7,0,6,7,0,0,0,0,0,0,0,0,0,0,0,0,0,0,0,0,0,0,0,0,0,0,0,0,0,0,0,0,0,0,0,0,0,0,0,0,0,0,0,0,0,0,0,0,0,0,0,0,0,0,0,0,0,0,0,0,0,0,0,0,0,0,7,6,0,0,7,0,0,0,0,0,0,0,0,0,0,0,0,0,0,0,0,0,0,0,0,0,5,6,0,0,0,0,5,0,0,0,0,0,0,0,0,0,0,0,0,0,0,0,0,0,0,0,0,0,0,6,0,0,0,0,0,6,0,6,0,0,5,0,7,0,0,0,0,0,0,0,0,0,0,0,0,0,0,0,0,0,7,7,6,0,0,0,0,6,6,3,6,0
2367,329214,CS489,8,25551,0,0,0,0,0,0,8,0,0,0,0,0,0,0,0,0,0,0,8,8,0,7,0,0,7,7,0,8,7,0,7,8,0,8,8,8,0,8,7,0,0,0,0,8,0,8,7,0,0,7,7,0,0,0,0,0,0,8,0,8,0,0,8,0,0,0,0,0,0,0,0,0,0,0,0,0,0,0,0,0,0,0,0,0,0,0,7,0,0,0,0,0,0,0,0,0,0,7,7,0,0,8,7,0,0,0,0,0,0,0,0,0,0,0,0,0,0,0,0,0,0,0,0,0,7,7,0,0,0,7,0,0,0,0,0,0,0,0,0,0,0,0,0,0,0,0,0,0,0,0,0,0,7,0,0,0,0,0,7,0,6,0,0,7,0,0,0,0,0,0,0,0,0,0,0,0,0,0,0,0,0,0,0,6,0,7,0,0,0,6,7,8,0,8,0
3193,329235,CS489,3,25551,0,0,0,0,0,7,8,0,0,0,0,0,0,0,0,0,0,0,6,6,0,8,0,0,6,7,0,6,6,0,6,7,0,6,7,0,0,7,7,0,0,0,0,8,0,6,3,0,0,6,7,0,0,0,0,0,0,8,0,7,0,0,7,0,0,0,0,0,0,0,0,0,0,0,0,0,0,0,0,0,0,0,0,0,0,0,7,0,0,0,0,0,0,0,0,0,0,0,6,0,0,8,7,0,0,0,0,0,0,0,0,0,0,0,0,0,0,0,0,0,0,0,0,0,7,6,0,0,0,5,0,0,0,0,0,0,0,0,0,0,0,0,0,0,0,0,0,0,0,0,0,0,5,0,0,0,0,5,0,6,0,0,0,6,0,0,0,0,0,0,0,0,0,0,0,0,0,0,0,0,0,0,0,7,0,5,0,0,0,0,6,6,0,5,0
1623,329196,CS489,6,25551,0,0,0,0,0,0,0,0,0,0,0,0,0,0,0,0,0,0,8,6,0,7,0,0,6,7,0,6,6,0,6,6,0,6,7,8,0,8,7,0,0,0,0,7,0,6,5,0,0,6,7,0,0,0,0,0,0,6,0,7,0,0,6,0,0,0,0,0,0,0,0,0,0,0,0,0,0,0,0,0,0,0,0,0,0,0,7,0,0,0,0,0,0,0,0,0,0,6,6,0,0,8,6,0,0,0,0,0,0,0,0,0,0,0,0,0,0,0,0,0,0,0,0,0,5,5,0,0,0,5,0,0,0,0,0,0,0,0,0,0,0,0,0,0,0,0,0,0,0,0,0,0,7,0,7,0,0,0,6,0,6,0,0,3,0,0,0,0,0,0,0,0,0,0,0,0,0,0,0,0,0,0,0,5,0,5,0,0,0,5,5,5,0,6,0
10234,351724,CS489,7,25561,0,0,0,0,0,8,8,0,0,0,0,0,0,0,0,0,0,0,6,5,0,7,0,0,6,8,0,6,7,0,7,8,0,6,6,0,8,6,7,0,0,0,0,7,0,6,6,0,0,6,6,0,0,0,0,0,0,7,0,7,0,0,0,0,0,0,0,0,0,0,0,0,0,0,0,0,0,0,0,0,0,0,0,0,0,7,8,0,0,0,0,0,0,0,0,0,0,5,5,0,0,5,6,0,0,0,0,0,0,0,0,0,0,0,0,0,0,0,0,0,0,0,0,0,7,6,0,0,0,6,0,0,0,0,0,0,0,0,0,0,0,0,0,0,0,0,0,0,0,0,0,0,6,0,0,0,0,0,6,0,7,0,0,6,0,0,0,0,0,0,0,0,0,0,0,0,0,0,0,0,0,0,0,7,0,6,0,0,0,7,7,6,0,6,0
6643,336782,CS489,7,25551,0,0,0,0,0,0,0,0,0,0,0,0,0,0,0,0,0,0,6,5,0,8,0,0,6,6,0,6,5,0,6,6,0,6,6,0,6,7,6,0,0,0,0,7,0,6,5,0,0,7,6,0,0,0,0,0,0,6,0,6,0,0,0,0,0,0,0,0,0,0,0,0,0,0,0,0,0,0,0,0,0,0,0,0,0,0,6,0,0,0,0,0,0,0,0,0,0,6,6,0,0,6,7,0,0,0,0,0,0,0,7,0,0,0,0,0,0,0,0,0,0,0,0,0,6,6,0,0,0,5,0,0,0,0,0,0,0,0,0,0,0,0,0,0,0,0,0,0,0,0,0,0,6,0,0,0,0,0,5,0,6,0,0,6,0,7,7,0,0,0,0,0,0,8,0,0,0,7,0,0,0,0,0,6,0,5,0,0,0,8,0,6,0,5,0
23529,402942,CS489,6,25571,0,0,0,0,0,0,0,0,0,0,0,0,0,0,0,0,0,0,6,7,0,6,0,0,6,6,0,7,6,0,6,6,0,6,6,0,0,0,0,0,0,0,0,0,0,0,0,0,0,0,0,0,0,0,0,0,0,0,0,0,0,0,0,0,0,0,0,0,0,0,0,0,0,0,0,0,0,0,0,0,0,0,0,0,0,0,0,0,0,0,0,0,0,0,0,0,2,6,7,0,0,7,0,0,0,0,0,0,0,0,7,0,0,0,0,0,0,0,0,0,0,0,0,0,6,5,0,0,0,6,0,0,0,0,0,0,0,0,0,0,0,0,0,0,0,0,0,0,0,0,0,0,7,0,0,0,0,0,5,0,6,0,0,8,0,0,0,0,0,0,0,0,0,0,0,0,0,0,0,0,0,0,0,6,0,7,0,0,0,7,0,6,0,6,0
13045,361072,CS489,6,25551,0,0,0,0,0,0,0,0,0,0,0,0,0,0,0,0,0,0,6,6,0,6,0,0,5,7,0,5,6,0,6,6,0,6,6,0,0,0,0,0,0,0,0,0,0,0,0,0,0,0,0,0,0,0,0,0,0,0,0,0,0,0,0,0,0,0,0,0,0,0,0,0,0,0,0,0,0,0,0,0,0,0,0,0,0,0,0,0,0,0,0,0,0,0,0,0,0,5,6,0,0,7,0,0,0,0,0,0,0,0,7,0,0,0,0,0,0,0,0,0,0,0,0,0,6,7,0,0,0,6,0,0,0,0,0,0,0,0,7,0,0,0,0,0,0,0,0,0,0,0,0,0,6,0,0,0,0,0,6,0,6,0,0,7,0,0,7,0,0,0,0,0,0,0,0,0,0,0,0,0,0,0,0,7,0,6,0,0,0,8,0,7,0,5,0
633,329175,CS489,7,25551,0,0,0,0,0,0,7,0,0,0,0,0,0,0,0,0,0,0,6,6,0,6,0,0,6,6,0,6,5,0,6,7,0,6,7,0,0,6,6,0,0,0,0,7,0,5,5,0,0,6,6,0,0,0,0,0,0,7,0,6,0,0,6,0,0,0,0,0,0,0,0,0,0,0,0,0,0,0,0,0,0,0,0,0,0,0,7,0,0,0,0,0,0,0,0,0,0,6,6,0,0,7,6,0,7,0,0,0,0,0,0,0,0,0,0,0,0,0,0,0,0,0,0,0,6,5,0,0,0,3,0,0,0,0,0,0,0,0,0,0,0,0,0,0,0,0,0,0,0,0,0,0,6,0,0,0,0,0,5,0,6,0,0,6,0,0,0,0,0,0,0,0,0,0,0,0,0,0,0,0,0,0,0,6,0,5,0,0,0,6,6,5,0,6,0
19948,392361,CS489,7,25571,0,0,0,0,0,0,0,0,0,0,0,0,0,0,0,0,0,0,7,7,0,7,0,0,7,8,0,7,7,0,7,7,0,7,7,0,0,0,0,0,0,0,0,0,0,0,0,0,0,0,0,0,0,0,0,0,0,0,0,0,0,0,0,0,0,0,0,0,0,0,0,0,0,0,0,0,0,0,0,0,0,0,0,0,0,0,0,0,0,0,0,0,0,0,0,0,0,0,8,0,0,7,0,0,0,0,0,0,0,0,8,0,0,0,0,0,0,0,0,0,0,0,0,0,7,6,0,0,0,7,0,0,0,0,0,0,0,0,0,0,0,0,0,0,0,0,0,0,0,0,0,0,8,0,0,0,0,0,8,0,7,0,0,8,0,0,0,0,0,0,0,0,0,0,0,0,0,0,0,0,0,0,0,7,0,7,0,0,0,8,0,7,0,8,0
10687,351734,CS489,6,25561,0,0,0,0,0,7,7,0,0,0,0,0,0,0,0,0,0,0,6,5,0,6,0,0,6,8,0,6,6,0,7,7,0,6,6,0,0,7,7,0,0,0,0,7,0,5,6,0,0,6,6,0,0,0,0,0,0,7,0,6,0,0,0,0,0,0,0,0,0,0,0,0,0,0,0,0,0,0,0,0,0,0,0,0,0,7,7,0,0,0,0,0,0,0,0,0,0,7,6,0,0,7,7,0,0,0,0,0,0,0,0,0,0,0,0,0,0,0,0,0,0,0,0,0,7,7,0,0,0,5,0,0,0,0,0,0,0,0,0,0,0,0,0,0,0,0,0,0,0,0,0,0,5,0,0,0,0,0,5,0,6,0,0,6,0,0,0,0,0,0,0,0,0,0,0,0,0,0,0,0,0,0,0,7,0,6,0,0,0,7,7,6,0,5,0
21519,397399,CS489,7,25571,0,0,0,0,0,8,0,0,0,0,0,0,0,0,0,0,0,0,7,6,0,6,0,0,6,7,0,7,6,0,6,7,0,6,6,0,0,0,0,0,0,0,0,0,0,0,0,0,0,0,0,0,0,0,0,0,0,0,0,0,0,0,0,0,0,0,0,0,0,0,0,0,0,0,0,0,0,0,0,0,0,0,0,0,0,0,0,0,0,0,0,0,0,0,0,0,0,6,6,0,0,6,0,7,0,0,0,0,0,0,0,0,0,0,0,0,0,0,0,0,0,0,0,0,6,6,0,0,0,5,0,0,0,0,0,0,0,0,0,0,0,0,0,0,0,0,0,0,0,0,0,0,6,0,0,0,0,0,6,0,6,0,0,6,0,0,0,0,0,0,0,0,0,0,0,0,0,0,0,0,0,0,0,7,0,6,0,0,0,7,0,7,0,6,0
5341,336747,CS489,7,25551,0,0,0,0,0,0,0,0,0,0,0,0,0,0,0,0,0,0,6,6,0,8,0,0,7,6,0,6,6,0,6,6,0,6,7,0,7,7,6,0,0,0,0,7,0,5,5,0,0,6,6,0,0,0,0,0,0,7,0,6,0,0,0,0,0,0,0,0,0,0,0,0,0,0,0,0,0,0,0,0,0,0,0,0,0,0,7,0,0,0,0,0,0,0,0,0,0,6,6,0,0,6,7,0,0,0,0,0,0,0,7,0,0,0,0,0,0,0,0,0,0,0,0,0,6,8,0,0,0,7,0,0,0,0,0,0,0,7,0,0,0,0,0,0,0,0,0,0,0,0,0,0,6,0,0,0,0,0,7,0,6,0,0,7,0,8,8,0,0,0,0,0,0,8,0,0,0,7,0,0,0,0,0,8,0,5,0,0,0,7,0,7,0,5,0
16885,379821,CS489,5,25561,0,0,0,0,0,7,0,0,0,0,0,0,0,0,0,0,0,0,6,6,0,6,0,0,5,7,0,5,6,0,6,6,0,5,5,0,0,0,0,0,0,0,0,0,0,0,0,0,0,0,0,0,0,0,0,0,0,0,0,0,0,0,0,0,0,0,0,0,0,0,0,0,0,0,0,0,0,0,0,0,0,0,0,0,0,0,0,0,0,0,0,0,0,0,0,0,0,7,6,0,0,7,7,0,0,0,0,0,0,0,0,0,0,0,0,0,0,0,0,0,0,0,0,5,5,3,0,0,0,3,0,0,0,0,0,0,0,0,0,0,0,0,0,0,0,0,0,0,0,0,0,0,6,0,0,0,0,0,5,0,6,0,0,5,0,0,0,0,0,0,0,0,0,0,0,0,0,0,0,0,0,7,0,7,8,5,0,0,0,0,0,6,0,5,0
4109,336719,CS489,6,25551,0,0,0,0,0,0,0,0,0,0,0,0,0,0,0,0,0,0,6,6,0,6,0,0,6,8,0,6,6,0,6,6,0,7,7,0,7,6,6,0,0,0,0,7,0,5,5,0,0,6,6,0,0,0,0,0,0,6,0,7,0,0,0,0,0,0,0,0,0,0,0,0,0,0,0,0,0,0,0,0,0,0,0,0,0,0,7,0,0,0,0,0,0,0,0,0,0,6,6,0,0,6,6,0,0,0,0,0,0,0,8,0,0,0,0,0,0,0,0,0,0,0,0,0,5,5,0,0,0,6,0,0,0,0,0,0,0,0,0,0,0,0,0,0,0,0,0,0,0,0,0,0,6,0,0,0,0,0,7,0,6,0,0,5,0,0,0,0,0,8,0,0,0,8,0,0,0,8,0,0,0,0,0,7,0,6,0,0,0,8,0,7,0,5,0
8191,351673,CS489,6,25551,0,0,0,0,0,0,0,0,0,0,0,0,0,0,0,0,0,0,6,6,0,6,0,0,6,6,0,6,6,0,6,7,0,6,6,0,0,0,0,0,0,0,0,0,0,0,0,0,0,0,0,0,0,0,0,0,0,0,0,0,0,0,0,0,0,0,0,0,0,0,0,0,0,0,0,0,0,0,0,0,0,0,0,0,0,0,0,0,0,0,0,0,0,0,0,0,0,6,5,0,0,6,7,0,0,0,0,0,0,0,0,0,0,0,0,0,0,0,0,0,0,0,0,6,6,3,0,0,0,6,0,0,0,0,0,0,0,0,0,0,0,0,0,0,0,0,0,0,0,0,0,0,6,0,0,0,0,0,6,0,6,0,0,5,0,0,0,0,0,0,0,0,0,0,7,0,0,0,0,0,0,0,0,7,0,7,0,0,0,7,7,6,0,5,0
2568,329218,CS489,6,25551,0,0,0,0,0,7,7,0,0,0,0,0,0,0,0,0,0,0,6,6,0,8,0,0,6,7,0,6,6,0,6,7,0,6,5,0,6,5,6,0,0,0,0,7,0,6,4,0,0,6,6,0,0,0,0,0,0,6,0,6,0,0,0,0,0,0,0,0,0,0,0,0,0,0,0,0,0,0,0,0,0,0,0,0,0,0,6,0,0,0,0,0,0,0,0,0,0,7,7,0,0,6,0,0,0,0,0,0,0,0,0,0,0,0,0,0,0,0,0,0,0,0,0,0,6,6,0,0,0,6,0,0,0,0,0,0,0,0,0,0,0,0,0,0,0,0,0,0,0,0,0,0,6,0,0,0,0,0,7,0,6,0,0,6,0,0,0,0,0,0,0,0,0,0,0,0,0,0,0,0,0,0,0,6,0,5,0,0,0,5,6,6,0,6,0
3322,329239,CS489,6,25551,0,0,0,0,0,0,7,0,0,0,0,0,0,0,0,0,0,0,6,6,0,8,0,0,6,8,0,7,6,0,6,6,0,6,7,0,0,6,7,0,0,0,0,7,0,5,3,0,0,6,7,0,0,0,0,0,0,6,0,6,0,0,7,0,0,0,0,0,0,0,0,0,0,0,0,0,0,0,0,0,0,0,0,0,0,6,6,0,0,0,0,0,0,0,0,0,0,7,7,0,0,8,6,0,0,0,0,0,0,0,0,0,0,0,0,0,0,0,0,0,0,0,0,7,5,6,0,0,0,5,0,0,0,0,0,0,0,0,0,0,0,0,0,0,0,0,0,0,0,0,0,0,6,0,0,0,0,0,7,0,6,0,0,5,0,0,0,0,0,0,0,0,0,0,0,0,0,0,0,0,0,0,0,6,0,5,0,0,0,6,6,6,0,6,0
2194,329209,CS489,6,25551,0,0,0,0,0,8,0,0,0,0,0,0,0,0,0,0,0,0,6,6,0,8,0,0,6,7,0,6,6,0,6,6,0,5,6,0,6,5,5,0,0,0,0,7,0,5,3,0,0,6,6,0,0,0,0,0,0,6,0,6,0,0,0,0,0,0,0,0,0,0,0,0,0,0,0,0,0,0,0,0,0,0,0,0,0,0,7,0,0,0,0,0,0,0,0,0,0,0,7,0,0,7,7,0,0,0,0,0,7,0,0,0,0,0,0,0,0,0,0,0,0,0,0,0,7,6,0,0,0,5,0,0,0,0,0,0,0,0,0,0,0,0,0,0,0,0,0,0,0,0,0,0,6,0,0,0,0,5,0,6,0,0,0,5,0,6,0,0,0,0,0,0,0,0,0,0,0,0,0,0,0,7,0,5,0,4,0,7,0,6,0,5,0,6,0
2091,329207,CS489,7,25551,0,0,0,0,0,7,0,0,0,0,0,0,0,0,0,0,0,0,6,6,0,8,0,0,7,8,0,6,6,0,6,7,0,7,8,0,0,6,7,0,0,0,0,7,0,7,5,0,0,7,7,0,0,0,0,0,0,6,0,7,0,0,7,0,0,0,0,0,0,0,0,0,0,0,0,0,0,0,0,0,0,0,0,0,0,0,7,0,0,0,0,0,0,0,0,0,0,6,6,0,0,7,7,0,7,0,0,0,0,0,0,0,0,0,0,0,0,0,0,0,0,0,0,0,5,5,0,0,0,5,0,0,0,0,0,0,0,0,0,0,0,0,0,0,0,0,0,0,0,0,0,0,6,0,0,0,0,6,0,8,0,0,0,6,0,6,0,0,0,0,0,0,0,0,0,0,0,0,0,0,0,0,0,6,0,6,0,0,0,0,7,7,0,6,0
16537,379809,CS489,6,25561,0,0,0,0,0,8,8,0,0,0,0,0,0,0,0,0,0,0,6,5,0,6,0,0,5,7,0,6,6,0,6,7,0,6,5,0,0,0,0,0,0,0,0,0,0,0,0,0,0,0,0,0,0,0,0,0,0,0,0,0,0,0,0,0,0,0,0,0,0,0,0,0,0,0,0,0,0,0,0,0,0,0,0,0,0,0,0,0,0,0,0,0,0,0,0,0,0,7,7,0,0,8,0,0,0,0,0,0,0,0,0,0,0,0,0,0,0,0,0,0,0,0,0,0,5,7,0,0,0,6,0,0,0,0,0,0,0,0,0,0,0,0,0,0,0,0,0,0,0,0,0,0,5,0,0,0,0,0,5,0,6,0,0,5,0,0,0,0,0,0,0,0,0,0,0,0,0,0,0,0,0,8,0,7,0,5,0,0,0,5,5,6,0,6,0
8241,351674,CS489,6,25551,0,0,0,0,0,0,0,0,0,0,0,0,0,0,0,0,0,0,6,6,0,6,0,0,6,8,0,6,6,0,6,6,0,6,6,0,0,0,0,0,0,0,0,0,0,0,0,0,0,0,0,0,0,0,0,0,0,0,0,0,0,0,0,0,0,0,0,0,0,0,0,0,0,0,0,0,0,0,0,0,0,0,0,0,0,0,0,0,0,0,0,0,0,0,0,0,0,7,6,0,0,7,7,0,0,0,0,0,0,0,0,0,0,0,0,0,0,0,0,0,0,0,0,5,7,3,0,0,0,5,0,0,0,0,0,0,0,0,0,0,0,0,0,0,0,0,0,0,0,0,0,0,5,0,0,0,0,0,5,0,6,0,0,5,0,0,0,0,0,0,0,0,0,0,7,0,0,0,0,0,0,0,0,7,0,6,0,0,0,7,6,6,0,4,0
427,329171,CS489,7,25551,0,0,0,0,0,0,7,0,0,0,0,0,0,0,0,0,0,0,6,6,0,8,0,0,7,6,0,7,6,0,6,6,0,6,6,6,0,7,7,0,0,0,0,8,0,6,5,0,0,6,6,0,0,0,0,0,0,6,0,6,0,0,0,0,0,0,0,0,0,0,0,0,0,0,0,0,0,0,0,0,0,0,0,0,0,0,7,0,0,0,0,0,0,0,0,0,0,6,6,0,0,7,6,0,0,0,0,0,0,0,0,0,0,0,0,0,0,0,0,0,0,0,0,0,5,5,0,0,0,5,0,0,0,0,0,0,0,0,0,0,0,0,0,0,0,0,0,0,0,0,0,0,6,0,7,0,0,0,5,0,6,0,0,3,0,0,0,0,0,0,0,0,0,0,0,0,0,0,0,0,0,0,0,7,0,5,0,0,0,6,0,7,0,5,0
16240,379802,CS489,7,25561,0,0,0,0,0,7,7,0,0,0,0,0,0,0,0,0,0,0,6,5,0,5,0,0,4,7,0,6,6,0,6,7,0,6,8,0,0,0,0,0,0,0,0,0,0,0,0,0,0,0,0,0,0,0,0,0,0,0,0,0,0,0,0,0,0,0,0,0,0,0,0,0,0,0,0,0,0,0,0,0,0,0,0,0,0,0,0,0,0,0,0,0,0,0,0,0,0,0,7,0,0,7,8,0,0,0,0,0,0,0,0,0,0,0,0,0,0,0,0,0,0,0,0,0,5,0,0,0,0,5,0,0,0,0,0,0,0,0,0,0,0,0,0,0,0,0,0,0,0,0,0,0,6,0,0,0,0,0,5,0,7,0,0,5,0,0,0,0,0,0,0,0,0,0,0,0,0,0,0,0,0,0,0,7,0,5,0,0,0,7,0,6,0,5,0
4658,336731,CS489,6,25551,0,0,0,0,0,0,0,0,0,0,0,0,0,0,0,0,0,0,6,6,0,6,0,0,5,8,0,5,6,0,7,6,0,7,6,0,6,5,5,0,0,0,0,7,0,5,4,0,0,6,6,0,0,0,0,0,0,6,0,6,0,0,0,0,0,0,0,0,0,0,0,0,0,0,0,0,0,0,0,0,0,0,0,0,0,0,6,0,0,0,0,0,0,0,0,0,0,5,5,0,0,6,0,0,0,0,0,0,0,0,7,0,0,0,0,0,0,0,0,0,0,0,0,0,6,6,0,0,0,5,0,0,0,0,0,0,0,7,0,0,0,0,0,0,0,0,0,0,0,0,0,0,6,0,0,0,0,0,6,0,5,0,0,6,0,0,7,0,0,0,0,0,0,8,0,0,0,7,0,0,0,0,0,7,0,5,0,0,0,8,0,7,0,6,0
155,321848,CS489,8,25551,0,0,0,0,0,0,8,0,0,0,0,0,0,0,0,0,0,0,7,6,0,7,0,0,6,7,0,8,7,0,8,8,0,7,8,8,0,8,8,0,0,0,0,8,0,8,8,0,0,7,7,0,0,0,0,0,0,7,0,7,0,0,8,0,0,0,0,0,0,0,0,0,0,0,0,0,0,0,0,0,0,0,0,0,0,0,8,0,0,0,0,0,0,0,0,0,0,6,7,0,0,8,8,0,0,0,0,0,0,0,0,0,0,0,0,0,0,0,0,0,0,0,0,0,8,8,0,0,0,8,0,0,0,0,0,0,0,0,0,0,0,0,0,0,0,0,0,0,0,0,0,0,6,0,0,0,0,0,7,0,7,0,0,8,0,0,0,0,0,0,0,0,0,0,0,0,0,0,0,0,0,0,0,8,0,6,0,0,0,5,8,6,0,8,0
16951,380294,CS489,5,25571,0,0,0,0,0,0,0,0,0,0,0,0,0,0,0,7,0,0,6,5,0,6,0,0,6,8,0,6,6,0,5,6,0,6,5,0,0,5,5,0,0,0,0,7,0,5,5,0,0,5,5,0,0,0,0,0,0,6,0,6,0,0,0,0,0,0,0,0,0,0,0,0,0,0,0,0,0,0,0,0,0,0,0,0,0,6,4,0,0,0,0,0,0,0,0,0,0,7,7,0,0,7,7,0,0,0,0,0,0,0,7,0,0,0,0,0,0,0,0,0,0,0,0,0,5,0,0,0,0,6,0,0,0,0,0,0,0,0,8,0,0,0,0,0,0,0,0,0,0,0,0,0,8,0,0,0,0,0,7,0,6,0,0,5,0,0,0,8,0,0,0,0,0,0,7,0,0,0,7,0,0,0,0,6,0,5,0,0,0,8,0,5,0,5,0
480,329172,CS489,7,25551,0,0,0,0,0,0,0,0,0,0,0,0,0,0,0,0,0,0,6,6,0,8,0,0,7,7,0,6,6,0,6,8,0,7,7,0,0,6,7,0,0,0,0,8,0,7,6,0,0,7,6,0,0,0,0,0,0,7,0,8,0,0,7,0,0,0,0,0,0,0,0,0,0,0,0,0,0,0,0,0,0,0,0,0,0,0,7,0,0,0,0,0,0,0,0,0,0,6,6,0,0,7,8,0,7,0,0,0,0,0,0,0,0,0,0,0,0,7,0,0,0,0,0,0,5,5,0,0,0,5,0,0,0,0,0,0,0,0,0,0,0,0,0,0,0,0,0,0,0,0,0,0,7,0,0,0,0,0,6,0,6,0,0,3,0,0,0,0,0,0,0,0,0,0,0,0,0,0,0,0,0,0,0,6,0,6,0,0,0,5,7,6,0,6,0
20768,397375,CS489,6,25571,0,0,0,0,0,0,0,0,0,0,0,0,0,0,0,0,0,0,7,7,0,6,0,0,5,7,0,7,6,0,6,6,0,6,5,0,0,0,0,0,0,0,0,0,0,0,0,0,0,0,0,0,0,0,0,0,0,0,0,0,0,0,0,0,0,0,0,0,0,0,0,0,0,0,0,0,0,0,0,0,0,0,0,0,0,0,0,0,0,0,0,0,0,0,0,0,0,6,6,0,0,5,0,0,7,0,0,0,0,0,0,0,0,0,0,0,0,0,0,0,0,0,0,0,5,3,0,0,0,5,0,0,0,0,0,0,0,0,0,0,0,7,0,0,0,0,0,0,0,0,0,0,6,0,0,0,0,0,6,0,6,0,0,5,0,0,0,0,0,0,0,0,0,0,0,0,0,0,0,0,0,0,0,7,0,5,0,0,0,6,0,6,0,6,0
21889,397412,CS489,8,25571,0,0,0,0,0,7,0,0,0,0,0,0,0,0,0,0,0,0,6,6,0,5,0,0,6,7,0,7,6,0,6,7,0,5,6,0,0,0,0,0,0,0,0,0,0,0,0,0,0,0,0,0,0,0,0,0,0,0,0,0,0,0,0,0,0,0,0,0,0,0,0,0,0,0,0,0,0,0,0,0,0,0,0,0,0,0,0,0,0,0,0,0,0,0,0,0,0,7,6,0,0,6,0,0,0,0,0,0,0,0,0,0,0,0,0,0,0,0,0,0,0,0,0,0,6,6,0,0,0,6,0,0,0,0,0,0,0,0,0,0,0,8,0,0,0,0,0,0,0,0,0,0,6,0,0,0,0,0,7,0,7,0,0,6,0,0,0,0,0,0,0,0,0,0,0,0,0,0,0,0,0,0,0,7,0,5,0,0,0,7,0,6,0,6,0
13979,368310,CS489,7,25561,0,0,0,0,0,7,0,0,0,0,0,0,0,0,0,0,0,0,7,7,0,7,0,0,7,8,0,7,7,0,7,7,0,7,6,0,0,0,0,0,0,0,0,0,0,0,0,0,0,0,0,0,0,0,0,0,0,0,0,0,0,0,0,0,0,0,0,0,0,0,0,0,0,0,0,0,0,0,0,0,0,0,0,0,0,0,0,0,0,0,0,0,0,0,0,0,0,7,6,0,0,6,7,0,0,0,0,0,0,0,6,0,0,0,0,0,0,0,0,0,0,0,0,7,8,8,0,0,0,7,0,0,0,0,0,0,0,0,0,0,0,7,0,0,0,0,0,0,0,0,0,0,6,0,0,0,0,0,6,0,6,0,0,7,0,0,0,0,0,0,0,0,0,0,0,0,0,0,0,0,0,7,0,7,7,6,0,0,0,0,0,6,0,7,0
3975,336716,CS489,7,25551,0,0,0,0,0,0,0,0,0,0,0,0,0,0,0,0,0,0,6,6,0,8,0,0,7,0,0,6,5,0,6,5,0,6,5,0,7,6,5,0,0,0,0,7,0,5,4,0,0,6,7,0,0,0,0,0,0,6,0,6,0,0,0,0,0,0,0,0,0,0,0,0,0,0,0,0,0,0,0,0,0,0,0,0,0,0,7,0,0,0,0,0,0,0,0,0,2,5,5,0,0,6,6,0,0,0,0,0,0,0,7,0,0,0,0,0,0,0,0,0,0,0,0,0,7,6,0,0,0,5,0,0,0,0,0,0,0,7,0,0,0,0,0,0,0,0,0,0,0,0,0,0,6,0,0,0,0,0,7,0,6,0,0,5,0,0,7,0,0,7,0,0,0,0,0,0,0,7,0,0,0,0,0,6,0,5,0,0,0,7,0,6,0,6,0
10287,351725,CS489,6,25561,0,0,0,0,0,8,8,0,0,7,0,0,0,0,0,0,0,0,6,6,0,6,0,0,6,7,0,6,5,0,6,6,0,6,5,0,7,6,7,0,0,0,0,6,0,5,5,0,0,6,5,0,0,0,0,0,0,6,0,7,0,0,0,0,0,0,0,0,0,0,0,0,0,0,0,0,0,0,0,0,0,0,0,0,0,0,7,0,0,0,0,0,0,0,0,0,2,5,5,0,0,6,0,0,6,0,0,0,0,0,0,0,0,0,0,0,0,0,0,0,0,0,0,0,5,0,0,0,0,6,0,0,0,0,0,0,0,0,0,0,0,7,0,0,0,0,0,0,0,0,0,0,5,0,0,0,0,0,6,0,6,0,0,3,0,5,0,0,0,0,0,0,0,0,0,0,0,0,0,0,0,0,0,6,0,5,0,0,0,7,8,6,0,5,0
6818,336786,CS489,7,25551,0,0,0,0,0,0,0,0,0,0,0,0,0,0,0,0,0,0,8,7,0,6,0,0,7,7,0,7,7,0,6,7,0,7,7,0,6,7,7,0,0,0,0,7,0,7,3,0,0,7,7,0,0,0,0,0,0,7,0,6,0,0,0,0,0,0,0,0,0,0,0,0,0,0,0,0,0,0,0,0,0,0,0,0,0,0,7,0,0,0,0,0,0,0,0,0,0,0,8,0,0,8,8,0,0,0,0,0,0,0,8,0,0,0,0,0,0,0,0,0,0,0,0,0,5,7,0,0,0,6,0,0,0,0,0,0,0,0,0,0,0,0,0,0,0,0,0,0,0,0,0,0,6,0,0,0,0,3,5,3,6,0,0,7,0,0,0,0,0,0,0,0,0,7,0,0,0,7,0,0,0,0,0,7,0,6,0,0,0,7,0,7,0,6,0
11586,352740,CS489,6,25561,0,0,0,0,0,0,0,0,0,0,0,0,0,0,0,0,0,0,6,6,0,6,0,0,6,7,0,6,5,0,6,6,0,6,6,6,0,5,7,0,0,0,0,6,0,5,5,0,0,6,6,0,0,0,0,0,0,7,0,6,0,0,0,0,0,0,0,0,0,0,0,0,0,0,0,0,0,0,0,0,0,0,0,0,0,0,5,0,0,0,0,0,0,0,0,0,0,5,5,0,0,6,5,0,0,0,0,0,0,0,8,0,0,0,0,0,0,0,0,0,0,0,0,0,5,3,0,0,0,5,0,0,0,0,0,0,0,0,0,0,0,0,0,0,0,0,0,0,0,0,0,0,6,0,0,0,0,0,6,0,6,0,0,5,0,0,7,0,0,0,0,0,0,0,0,0,0,7,0,0,0,0,0,8,0,6,0,0,0,7,0,7,0,4,0
2982,329231,CS489,7,25551,0,0,0,0,0,0,7,0,0,0,0,0,0,0,0,0,0,0,6,7,0,6,0,0,6,7,0,6,6,0,6,6,0,7,6,0,7,5,7,0,0,0,0,7,0,6,5,0,0,8,7,0,0,0,0,0,0,7,0,7,0,0,0,0,0,0,0,0,0,0,0,0,0,0,0,0,0,0,0,0,0,0,0,0,0,7,7,0,0,0,0,0,0,0,0,0,0,6,6,0,0,7,7,0,6,0,0,0,0,0,0,0,0,0,0,0,0,0,0,0,0,0,0,0,6,0,0,0,0,6,0,0,0,0,0,0,0,0,0,0,0,0,0,0,0,0,0,0,0,0,0,0,6,0,0,0,0,0,6,0,6,0,0,7,0,0,0,0,0,0,0,0,0,0,0,0,0,0,0,0,0,0,0,6,0,5,0,0,0,6,5,6,0,6,0
2741,329223,CS489,7,25551,0,0,0,0,0,0,7,0,0,0,0,0,0,0,0,0,0,0,7,6,0,6,0,0,6,7,0,7,6,0,7,8,0,8,7,0,0,7,7,0,0,0,0,7,0,7,6,0,0,7,7,0,0,0,0,0,0,8,0,7,0,0,7,0,0,0,0,0,0,0,0,0,0,0,0,0,0,0,0,0,0,0,0,0,0,0,7,0,0,0,0,0,0,0,0,0,0,6,6,0,0,7,7,0,0,0,0,0,0,0,0,0,0,0,0,0,0,0,0,0,0,0,0,0,5,6,0,0,0,5,0,0,0,0,0,0,0,0,0,0,0,0,0,0,0,0,0,0,0,0,0,0,7,0,0,0,0,0,5,0,6,0,0,6,0,0,0,0,0,0,0,0,0,0,0,0,0,0,0,0,0,0,0,6,0,6,0,0,0,6,7,6,0,6,0
21933,397413,CS489,6,25571,0,0,0,0,0,7,8,0,0,0,0,0,0,0,0,0,0,0,6,5,0,5,0,0,5,8,0,6,6,0,6,7,0,5,5,0,0,0,0,0,0,0,0,0,0,0,0,0,0,0,0,0,0,0,0,0,0,0,0,0,0,0,0,0,0,0,0,0,0,0,0,0,0,0,0,0,0,0,0,0,0,0,0,0,0,0,0,0,0,0,0,0,0,0,0,0,0,6,7,0,0,6,0,0,0,0,0,0,0,0,0,0,0,0,0,0,0,0,0,0,0,0,0,6,5,0,0,0,0,4,0,0,0,0,0,0,0,0,0,0,7,0,0,0,0,0,0,0,0,0,0,0,5,0,0,0,0,0,5,0,6,0,0,4,0,0,0,0,0,0,0,0,0,0,0,0,0,0,0,0,0,0,0,7,7,5,0,0,0,0,0,6,0,6,0
3534,336705,CS489,7,25551,0,0,0,0,0,0,0,0,0,0,0,0,0,0,0,7,0,0,6,6,0,8,0,0,6,8,0,7,7,0,6,6,0,7,7,0,7,6,6,0,0,0,0,7,0,6,7,0,0,6,6,0,0,0,0,0,0,6,0,7,0,0,0,0,0,0,0,0,0,0,0,0,0,0,0,0,0,0,0,0,0,0,0,0,0,0,7,0,0,0,0,0,0,0,0,0,0,5,5,0,0,6,7,0,0,0,0,0,0,0,8,0,0,0,0,0,0,0,0,0,0,0,0,0,8,8,0,0,0,6,0,0,0,0,0,0,0,0,0,0,0,0,0,0,0,0,0,0,0,0,0,0,6,0,0,0,0,0,6,0,6,0,0,7,0,0,7,0,0,7,0,0,0,8,0,0,0,7,0,0,0,0,0,6,0,7,0,0,0,7,0,7,0,5,0
13596,361093,CS489,7,25551,0,0,0,0,0,0,0,0,0,0,0,0,0,0,0,0,0,0,6,7,0,6,0,0,5,8,0,5,6,0,6,6,0,6,7,0,0,0,0,0,0,0,0,0,0,0,0,0,0,0,0,0,0,0,0,0,0,0,0,0,0,0,0,0,0,0,0,0,0,0,0,0,0,0,0,0,0,0,0,0,0,0,0,0,0,0,0,0,0,0,0,0,0,0,0,0,0,6,6,0,0,6,0,0,0,0,0,0,0,0,7,0,0,0,0,0,0,0,0,0,0,0,0,0,6,6,0,0,0,5,0,0,0,0,0,0,0,0,0,0,0,0,0,0,0,0,0,0,0,0,0,0,6,0,0,0,0,0,6,0,7,0,0,6,0,0,7,0,0,7,0,0,0,0,0,0,0,0,0,0,0,0,0,7,0,6,0,0,0,7,0,6,0,5,0
20989,397381,CS489,7,25571,0,0,0,0,0,8,0,0,0,0,0,0,0,0,0,0,0,0,6,6,0,6,0,0,6,8,0,7,6,0,8,7,0,7,6,0,0,0,0,0,0,0,0,0,0,0,0,0,0,0,0,0,0,0,0,0,0,0,0,0,0,0,0,0,0,0,0,0,0,0,0,0,0,0,0,0,0,0,0,0,0,0,0,0,0,0,0,0,0,0,0,0,0,0,0,0,0,0,6,0,0,7,0,0,0,0,0,0,0,0,0,0,0,0,0,0,0,0,0,0,0,0,0,0,6,8,0,0,0,6,0,0,0,0,0,0,0,0,0,0,0,0,0,0,0,0,0,0,0,0,0,0,6,0,0,0,0,0,7,0,7,0,0,6,0,0,0,0,0,0,0,0,0,0,0,0,0,0,0,0,0,0,0,8,7,6,0,0,0,0,6,7,0,8,0
20596,397371,CS489,6,25571,0,0,0,0,0,0,7,0,0,0,0,0,0,0,0,0,0,0,6,6,0,6,0,0,6,8,0,6,6,0,6,7,0,6,6,0,0,0,0,0,0,0,0,0,0,0,0,0,0,0,0,0,0,0,0,0,0,0,0,0,0,0,0,0,0,0,0,0,0,0,0,0,0,0,0,0,0,0,0,0,0,0,0,0,0,0,0,0,0,0,0,0,0,0,0,0,0,7,6,0,0,6,0,0,7,0,0,0,0,0,0,0,0,0,0,0,0,0,0,0,0,0,0,0,5,0,0,0,0,5,0,0,0,0,0,0,0,0,0,0,0,0,0,0,0,0,0,0,0,0,0,0,6,0,0,0,0,0,3,0,6,0,0,5,0,0,0,0,0,0,0,0,0,0,0,0,0,0,0,0,0,0,0,7,0,6,0,0,0,6,0,6,0,6,0
3914,336715,CS489,5,25551,0,0,0,0,0,0,0,0,0,0,0,0,0,0,0,8,0,0,6,5,0,6,0,0,4,7,0,5,6,0,5,5,0,6,6,0,7,5,6,0,0,0,0,7,0,5,4,0,0,5,6,0,0,0,0,0,0,5,0,6,0,0,0,0,0,0,0,0,0,0,0,0,0,0,0,0,0,0,0,0,0,0,0,0,0,0,6,0,0,0,0,0,0,0,0,0,2,6,6,0,0,5,0,0,0,0,0,0,0,0,8,0,0,0,0,0,0,0,0,0,0,0,0,0,5,5,0,0,0,6,0,0,0,0,0,0,0,7,0,0,0,0,0,0,0,0,0,0,0,0,0,0,6,0,0,0,0,0,6,0,6,0,0,6,0,8,7,0,0,8,0,0,0,0,8,0,0,8,0,0,0,0,0,6,0,5,0,0,0,6,0,7,0,5,0
11946,354661,CS489,6,25551,0,0,0,0,0,0,0,0,0,0,0,0,0,0,0,0,0,0,6,6,0,5,0,0,6,7,0,6,6,0,7,6,0,6,6,0,0,0,0,0,0,0,0,0,0,0,0,0,0,0,0,0,0,0,0,0,0,0,0,0,0,0,0,0,0,0,0,0,0,0,0,0,0,0,0,0,0,0,0,0,0,0,0,0,0,0,0,0,0,0,0,0,0,0,0,0,0,5,5,0,0,6,0,0,0,0,0,0,0,0,0,0,0,0,0,0,0,0,0,0,0,0,0,0,8,8,0,0,0,6,0,0,0,0,0,0,0,0,0,0,0,0,0,0,0,0,0,0,0,0,0,0,6,0,0,0,0,0,6,0,6,0,0,7,0,0,7,0,0,0,0,0,0,0,0,0,0,0,0,0,0,0,0,7,0,6,0,0,0,8,0,7,0,6,0
21847,397410,CS489,7,25571,0,0,0,0,0,8,0,0,0,0,0,0,0,0,0,0,0,0,6,5,0,5,0,0,5,8,0,6,6,0,6,7,0,6,5,0,0,0,0,0,0,0,0,0,0,0,0,0,0,0,0,0,0,0,0,0,0,0,0,0,0,0,0,0,0,0,0,0,0,0,0,0,0,0,0,0,0,0,0,0,0,0,0,0,0,0,0,0,0,0,0,0,0,0,0,0,0,7,6,0,0,7,0,0,8,8,0,0,0,0,0,0,0,0,0,0,0,0,0,0,0,0,0,5,6,0,0,0,0,3,0,0,0,0,0,0,0,0,0,0,0,8,0,0,0,0,0,0,0,0,0,0,6,0,0,0,0,0,5,0,5,0,0,3,0,7,0,0,0,0,0,0,0,0,0,0,0,0,0,0,0,8,0,7,0,5,0,0,0,7,0,7,0,6,0
12257,354670,CS489,8,25561,0,0,0,0,0,0,0,0,0,0,0,0,0,0,0,0,0,0,7,6,0,7,0,0,6,7,0,6,6,0,7,7,0,6,7,0,7,8,7,0,0,0,0,8,0,6,3,0,0,7,6,0,0,0,0,0,0,7,0,7,0,0,0,0,0,0,0,0,0,0,0,0,0,0,0,0,0,0,0,0,0,0,0,0,0,7,7,0,0,0,0,0,0,0,0,0,2,6,5,0,0,6,6,0,0,0,0,0,0,0,7,0,0,0,0,0,0,0,0,0,0,0,0,0,6,8,0,0,0,6,0,0,0,0,0,0,0,0,7,0,0,0,0,0,0,0,0,0,0,0,0,0,6,0,0,0,0,0,6,0,6,0,0,7,0,7,0,0,0,0,0,0,0,0,7,0,0,0,0,0,0,0,0,6,0,7,0,0,0,8,0,7,0,6,0
